unixtime  Probe1(bottom) #2   #3  #4  #5   #6(top)
1489795217.71  16.437  16.187  16.25  16.0  15.25  14.625 
1489795277.72  16.437  16.187  16.25  16.0  15.187  14.625 
1489795337.72  16.437  16.187  16.25  16.0  15.25  14.625 
1489795397.72  16.437  16.25  16.25  16.0  15.25  14.687 
1489795457.73  16.437  16.25  16.25  16.0  15.25  14.625 
1489795517.74  16.437  16.187  16.25  16.0  15.312  14.625 
1489795577.75  16.437  16.25  16.25  16.062  15.312  14.687 
1489795637.75  16.437  16.25  16.25  16.062  15.375  14.687 
1489795697.76  16.437  16.25  16.25  16.062  15.312  14.687 
1489795757.77  16.437  16.25  16.25  16.062  15.375  14.687 
1489795817.77  16.437  16.25  16.25  16.062  15.375  14.687 
1489795877.77  16.437  16.25  16.25  16.062  15.312  14.687 
1489795937.77  16.437  16.25  16.25  16.062  15.312  14.687 
1489795997.78  16.437  16.25  16.25  16.062  15.312  14.625 
1489796057.79  16.437  16.25  16.25  16.062  15.312  14.625 
1489796117.79  16.437  16.25  16.25  16.062  15.312  14.625 
1489796177.8  16.437  16.25  16.25  16.062  15.312  14.625 
1489796237.81  16.437  16.187  16.25  16.062  15.25  14.625 
1489796297.82  16.437  16.25  16.25  16.062  15.25  14.625 
1489796357.83  16.437  16.25  16.25  16.0  15.312  14.625 
1489796417.84  16.437  16.187  16.25  16.062  15.312  14.625 
1489796477.84  16.437  16.25  16.25  16.062  15.312  14.687 
1489796537.85  16.437  16.25  16.25  16.062  15.312  14.687 
1489796597.85  16.437  16.187  16.25  16.062  15.25  14.625 
1489796657.86  16.437  16.187  16.25  16.0  15.25  14.625 
1489796717.86  16.437  16.187  16.25  16.0  15.25  14.625 
1489796777.87  16.437  16.187  16.25  16.0  15.25  14.625 
1489796837.88  16.437  16.187  16.25  16.0  15.25  14.625 
1489796897.88  16.437  16.25  16.25  16.0  15.312  14.687 
1489796957.89  16.437  16.187  16.25  16.0  15.25  14.687 
1489797017.89  16.437  16.187  16.25  16.0  15.25  14.687 
1489797077.9  16.437  16.187  16.25  16.0  15.25  14.625 
1489797137.91  16.437  16.187  16.25  16.0  15.25  14.625 
1489797197.91  16.375  16.187  16.187  16.0  15.25  14.625 
1489797257.92  16.437  16.187  16.187  16.0  15.25  14.625 
1489797317.92  16.375  16.125  16.187  16.0  15.187  14.562 
1489797377.93  16.375  16.125  16.187  16.0  15.187  14.625 
1489797437.93  16.375  16.125  16.187  15.937  15.187  14.562 
1489797497.94  16.375  16.125  16.187  15.937  15.187  14.562 
1489797557.94  16.375  16.125  16.187  16.0  15.187  14.625 
1489797617.95  16.375  16.125  16.187  15.937  15.187  14.625 
1489797677.96  16.375  16.125  16.125  15.937  15.125  14.562 
1489797737.96  16.312  16.062  16.125  15.937  15.125  14.562 
1489797797.97  16.312  16.125  16.125  15.937  15.125  14.562 
1489797857.97  16.312  16.125  16.125  15.937  15.125  14.562 
1489797917.98  16.312  16.125  16.125  15.937  15.187  14.562 
1489797977.99  16.375  16.125  16.125  15.937  15.187  14.562 
1489798038.0  16.375  16.125  16.187  15.937  15.25  14.562 
1489798098.0  16.375  16.125  16.187  15.937  15.25  14.562 
1489798158.01  16.375  16.125  16.125  15.937  15.25  14.562 
1489798218.01  16.375  16.125  16.187  15.937  15.25  14.562 
1489798278.02  16.375  16.125  16.187  15.937  15.187  14.562 
1489798338.03  16.375  16.125  16.125  15.937  15.187  14.562 
1489798398.03  16.375  16.125  16.125  15.937  15.187  14.562 
1489798458.04  16.375  16.125  16.125  15.937  15.187  14.5 
1489798518.04  16.375  16.125  16.125  15.937  15.187  14.562 
1489798578.05  16.375  16.125  16.125  15.937  15.187  14.562 
1489798638.06  16.375  16.125  16.125  15.937  15.187  14.562 
1489798698.06  16.375  16.125  16.125  15.937  15.187  14.562 
1489798758.07  16.312  16.125  16.125  15.937  15.125  14.562 
1489798818.08  16.312  16.125  16.125  15.937  15.125  14.562 
1489798878.09  16.312  16.125  16.125  15.937  15.125  14.562 
1489798938.1  16.375  16.125  16.125  15.937  15.187  14.562 
1489798998.1  16.375  16.125  16.125  15.937  15.187  14.562 
1489799058.1  16.375  16.125  16.125  15.937  15.25  14.562 
1489799118.11  16.375  16.187  16.187  15.937  15.25  14.625 
1489799178.12  16.375  16.125  16.187  15.937  15.25  14.625 
1489799238.12  16.375  16.187  16.187  15.937  15.25  14.625 
1489799298.13  16.375  16.125  16.125  15.937  15.187  14.625 
1489799358.13  16.375  16.125  16.187  15.937  15.187  14.562 
1489799418.13  16.375  16.125  16.187  15.937  15.187  14.625 
1489799478.14  16.375  16.125  16.125  15.937  15.187  14.562 
1489799538.14  16.375  16.125  16.187  15.937  15.187  14.562 
1489799598.15  16.375  16.125  16.187  15.937  15.25  14.625 
1489799658.15  16.375  16.125  16.187  15.937  15.25  14.562 
1489799718.16  16.312  16.062  16.125  15.937  15.125  14.562 
1489799778.17  16.312  16.062  16.125  15.875  15.125  14.5 
1489799838.17  16.312  16.062  16.062  15.875  15.125  14.562 
1489799898.18  16.312  16.062  16.062  15.875  15.125  14.562 
1489799958.19  16.312  16.062  16.125  15.875  15.125  14.562 
1489800018.2  16.312  16.062  16.062  15.875  15.125  14.562 
1489800078.21  16.312  16.062  16.062  15.875  15.125  14.562 
1489800138.21  16.312  16.0  16.062  15.875  15.062  14.5 
1489800198.22  16.312  16.0  16.062  15.812  15.062  14.5 
1489800258.23  16.312  16.0  16.062  15.812  15.062  14.5 
1489800318.23  16.312  16.062  16.062  15.875  15.125  14.5 
1489800378.23  16.312  16.062  16.062  15.875  15.125  14.5 
1489800438.24  16.312  16.0  16.062  15.812  15.062  14.5 
1489800498.25  16.312  16.062  16.062  15.875  15.062  14.5 
1489800558.25  16.312  16.062  16.125  15.875  15.125  14.5 
1489800618.26  16.312  16.062  16.062  15.875  15.125  14.5 
1489800678.27  16.312  16.062  16.062  15.875  15.062  14.5 
1489800738.27  16.312  16.0  16.062  15.812  15.062  14.5 
1489800798.28  16.312  16.0  16.062  15.812  15.062  14.5 
1489800858.29  16.312  16.0  16.062  15.812  15.0  14.437 
1489800918.3  16.312  16.062  16.062  15.812  15.062  14.437 
1489800978.3  16.312  16.0  16.062  15.812  15.0  14.437 
1489801038.3  16.312  16.062  16.062  15.812  15.062  14.5 
1489801098.3  16.312  16.062  16.062  15.812  15.062  14.5 
1489801158.3  16.312  16.0  16.062  15.812  15.0  14.5 
1489801218.31  16.312  16.0  16.0  15.812  15.0  14.5 
1489801278.31  16.25  16.0  16.0  15.812  15.0  14.437 
1489801338.32  16.25  16.0  16.062  15.812  15.0  14.5 
1489801398.32  16.25  16.062  16.062  15.812  15.062  14.5 
1489801458.32  16.312  16.062  16.062  15.812  15.125  14.5 
1489801518.33  16.312  16.062  16.062  15.812  15.125  14.5 
1489801578.34  16.312  16.062  16.062  15.812  15.125  14.562 
1489801638.34  16.312  16.125  16.062  15.875  15.125  14.562 
1489801698.35  16.312  16.125  16.125  15.875  15.125  14.562 
1489801758.36  16.312  16.062  16.062  15.875  15.125  14.562 
1489801818.37  16.312  16.062  16.062  15.875  15.187  14.562 
1489801878.37  16.312  16.062  16.062  15.875  15.125  14.5 
1489801938.38  16.312  16.062  16.062  15.875  15.125  14.5 
1489801998.38  16.312  16.062  16.062  15.875  15.125  14.5 
1489802058.39  16.312  16.062  16.062  15.875  15.125  14.562 
1489802118.4  16.312  16.125  16.062  15.875  15.187  14.562 
1489802178.4  16.375  16.125  16.125  15.875  15.187  14.562 
1489802238.41  16.375  16.125  16.125  15.875  15.125  14.5 
1489802298.42  16.312  16.062  16.062  15.875  15.125  14.5 
1489802358.43  16.312  16.062  16.062  15.875  15.062  14.5 
1489802418.43  16.312  16.062  16.062  15.875  15.125  14.5 
1489802478.44  16.312  16.062  16.062  15.875  15.062  14.5 
1489802538.45  16.312  16.062  16.062  15.812  15.125  14.5 
1489802598.46  16.312  16.062  16.062  15.875  15.125  14.562 
1489802658.46  16.312  16.062  16.062  15.875  15.125  14.562 
1489802718.47  16.312  16.062  16.125  15.875  15.125  14.562 
1489802778.47  16.312  16.125  16.062  15.875  15.125  14.5 
1489802838.47  16.312  16.062  16.062  15.875  15.125  14.5 
1489802898.48  16.312  16.062  16.125  15.875  15.125  14.562 
1489802958.49  16.312  16.125  16.125  15.875  15.125  14.562 
1489803018.49  16.312  16.062  16.125  15.875  15.125  14.562 
1489803078.5  16.312  16.062  16.125  15.875  15.062  14.5 
1489803138.5  16.312  16.062  16.062  15.875  15.125  14.562 
1489803198.51  16.312  16.062  16.062  15.875  15.125  14.5 
1489803258.52  16.312  16.062  16.125  15.875  15.187  14.562 
1489803318.52  16.312  16.062  16.125  15.875  15.187  14.562 
1489803378.52  16.312  16.062  16.062  15.875  15.125  14.562 
1489803438.53  16.312  16.062  16.062  15.875  15.125  14.562 
1489803498.53  16.312  16.062  16.062  15.875  15.125  14.562 
1489803558.54  16.312  16.062  16.062  15.875  15.125  14.562 
1489803618.55  16.312  16.062  16.062  15.875  15.125  14.5 
1489803678.55  16.312  16.062  16.062  15.875  15.125  14.5 
1489803738.56  16.312  16.062  16.062  15.875  15.125  14.5 
1489803798.57  16.312  16.0  16.062  15.812  15.125  14.5 
1489803858.57  16.25  16.0  16.062  15.812  15.062  14.5 
1489803918.57  16.25  16.0  16.062  15.812  15.062  14.5 
1489803978.58  16.25  16.0  16.062  15.812  15.062  14.5 
1489804038.59  16.25  16.0  16.0  15.812  15.062  14.5 
1489804098.6  16.25  16.0  16.0  15.812  15.062  14.5 
1489804158.6  16.25  16.0  16.0  15.812  15.0  14.5 
1489804218.6  16.25  16.0  16.0  15.812  15.0  14.5 
1489804278.61  16.25  16.0  16.0  15.75  15.0  14.5 
1489804338.62  16.25  16.0  16.0  15.812  15.0  14.5 
1489804398.63  16.25  16.0  16.0  15.812  15.0  14.5 
1489804458.64  16.25  16.0  16.0  15.75  15.062  14.5 
1489804518.65  16.25  16.0  16.0  15.75  15.0  14.5 
1489804578.65  16.25  16.0  16.0  15.75  15.062  14.5 
1489804638.66  16.25  16.0  16.0  15.75  15.062  14.5 
1489804698.67  16.25  16.0  16.0  15.75  15.0  14.5 
1489804758.67  16.25  16.0  16.0  15.75  15.062  14.5 
1489804818.67  16.25  16.0  16.0  15.812  15.125  14.562 
1489804878.68  16.25  16.0  16.062  15.812  15.062  14.5 
1489804938.68  16.25  16.062  16.062  15.812  15.125  14.5 
1489804998.68  16.25  16.062  16.062  15.812  15.125  14.5 
1489805058.69  16.312  16.062  16.062  15.812  15.125  14.5 
1489805118.7  16.312  16.062  16.062  15.812  15.125  14.5 
1489805178.71  16.312  16.062  16.062  15.812  15.187  14.562 
1489805238.72  16.312  16.062  16.062  15.812  15.125  14.562 
1489805298.72  16.312  16.125  16.125  15.875  15.125  14.562 
1489805358.73  16.375  16.125  16.125  15.875  15.187  14.562 
1489805418.74  16.312  16.125  16.125  15.875  15.187  14.562 
1489805478.74  16.375  16.125  16.125  15.875  15.187  14.562 
1489805538.75  16.312  16.062  16.125  15.875  15.125  14.562 
1489805598.75  16.312  16.062  16.062  15.875  15.062  14.5 
1489805658.76  16.312  16.062  16.062  15.875  15.125  14.562 
1489805718.76  16.312  16.062  16.062  15.875  15.125  14.562 
1489805778.77  16.312  16.062  16.062  15.875  15.125  14.5 
1489805838.77  16.312  16.062  16.062  15.875  15.062  14.562 
1489805898.78  16.312  16.062  16.125  15.875  15.125  14.562 
1489805958.78  16.312  16.125  16.125  15.875  15.187  14.562 
1489806018.79  16.375  16.125  16.125  15.875  15.187  14.625 
1489806078.79  16.375  16.125  16.125  15.937  15.187  14.625 
1489806138.79  16.375  16.125  16.125  15.937  15.187  14.562 
1489806198.79  16.375  16.125  16.125  15.937  15.187  14.625 
1489806258.79  16.375  16.125  16.125  15.937  15.187  14.625 
1489806318.8  16.312  16.125  16.125  15.875  15.125  14.562 
1489806378.81  16.312  16.125  16.125  15.875  15.187  14.562 
1489806438.81  16.312  16.125  16.125  15.875  15.187  14.562 
1489806498.82  16.312  16.125  16.125  15.875  15.187  14.625 
1489806558.83  16.312  16.125  16.125  15.875  15.187  14.562 
1489806618.83  16.312  16.125  16.125  15.875  15.187  14.562 
1489806678.84  16.312  16.125  16.125  15.875  15.187  14.562 
1489806738.85  16.312  16.125  16.125  15.875  15.187  14.562 
1489806798.86  16.312  16.125  16.125  15.875  15.187  14.562 
1489806858.86  16.312  16.062  16.062  15.875  15.125  14.562 
1489806918.86  16.312  16.062  16.125  15.875  15.125  14.562 
1489806978.87  16.375  16.125  16.125  15.875  15.187  14.625 
1489807038.88  16.375  16.125  16.125  15.875  15.187  14.625 
1489807098.88  16.375  16.125  16.125  15.875  15.187  14.625 
1489807158.88  16.375  16.125  16.125  15.875  15.187  14.625 
1489807218.89  16.375  16.125  16.125  15.875  15.187  14.625 
1489807278.89  16.375  16.125  16.125  15.875  15.187  14.625 
1489807338.9  16.312  16.062  16.125  15.875  15.187  14.562 
1489807398.91  16.312  16.062  16.125  15.875  15.187  14.562 
1489807458.92  16.312  16.062  16.125  15.875  15.187  14.562 
1489807518.93  16.312  16.062  16.125  15.875  15.187  14.562 
1489807578.93  16.312  16.062  16.125  15.875  15.187  14.562 
1489807638.93  16.312  16.125  16.125  15.875  15.187  14.625 
1489807698.94  16.312  16.125  16.125  15.875  15.25  14.625 
1489807758.95  16.312  16.125  16.125  15.875  15.25  14.687 
1489807818.96  16.312  16.125  16.125  15.875  15.25  14.625 
1489807878.97  16.312  16.125  16.125  15.875  15.25  14.625 
1489807938.97  16.312  16.125  16.125  15.875  15.187  14.625 
1489807998.98  16.312  16.125  16.125  15.875  15.187  14.625 
1489808058.98  16.312  16.062  16.062  15.875  15.187  14.625 
1489808118.98  16.312  16.062  16.062  15.875  15.187  14.625 
1489808178.99  16.312  16.062  16.125  15.875  15.187  14.562 
1489808238.99  16.312  16.062  16.125  15.875  15.187  14.562 
1489808299.0  16.312  16.062  16.125  15.875  15.187  14.625 
1489808359.0  16.312  16.062  16.125  15.875  15.187  14.625 
1489808419.01  16.312  16.062  16.062  15.875  15.125  14.562 
1489808479.01  16.312  16.062  16.062  15.875  15.125  14.562 
1489808539.02  16.312  16.062  16.062  15.875  15.187  14.562 
1489808599.03  16.312  16.062  16.125  15.875  15.187  14.625 
1489808659.04  16.312  16.125  16.125  15.875  15.187  14.625 
1489808719.05  16.312  16.125  16.125  15.875  15.187  14.625 
1489808779.05  16.312  16.062  16.125  15.875  15.187  14.625 
1489808839.05  16.312  16.062  16.125  15.875  15.187  14.625 
1489808899.06  16.312  16.062  16.062  15.875  15.125  14.562 
1489808959.07  16.312  16.125  16.125  15.875  15.187  14.625 
1489809019.07  16.312  16.125  16.125  15.875  15.187  14.625 
1489809079.08  16.312  16.062  16.125  15.875  15.187  14.625 
1489809139.09  16.312  16.062  16.125  15.875  15.187  14.625 
1489809199.1  16.312  16.062  16.125  15.875  15.187  14.562 
1489809259.1  16.312  16.125  16.125  15.875  15.187  14.562 
1489809319.11  16.312  16.062  16.125  15.875  15.187  14.625 
1489809379.11  16.312  16.062  16.125  15.875  15.187  14.562 
1489809439.11  16.312  16.062  16.125  15.875  15.187  14.562 
1489809499.12  16.312  16.125  16.125  15.875  15.187  14.625 
1489809559.12  16.312  16.125  16.125  15.875  15.187  14.625 
1489809619.13  16.375  16.125  16.125  15.875  15.187  14.625 
1489809679.13  16.375  16.125  16.125  15.875  15.187  14.625 
1489809739.13  16.312  16.125  16.125  15.875  15.187  14.625 
1489809799.13  16.375  16.125  16.125  15.937  15.187  14.625 
1489809859.14  16.375  16.125  16.125  15.875  15.25  14.625 
1489809919.14  16.312  16.125  16.125  15.937  15.187  14.625 
1489809979.15  16.375  16.125  16.125  15.937  15.187  14.625 
1489810039.15  16.375  16.125  16.125  15.937  15.187  14.625 
1489810099.16  16.375  16.125  16.125  15.875  15.187  14.625 
1489810159.17  16.375  16.125  16.125  15.875  15.187  14.625 
1489810219.18  16.375  16.125  16.125  15.937  15.187  14.625 
1489810279.18  16.375  16.187  16.125  15.937  15.187  14.625 
1489810339.19  16.375  16.187  16.187  15.937  15.25  14.687 
1489810399.19  16.375  16.187  16.187  15.937  15.187  14.687 
1489810459.2  16.375  16.187  16.187  15.937  15.25  14.625 
1489810519.21  16.375  16.125  16.187  15.937  15.187  14.625 
1489810579.21  16.375  16.125  16.187  15.937  15.187  14.625 
1489810639.22  16.375  16.125  16.125  15.937  15.187  14.625 
1489810699.23  16.375  16.187  16.187  15.937  15.187  14.625 
1489810759.24  16.375  16.187  16.125  15.937  15.187  14.625 
1489810819.24  16.375  16.187  16.187  15.937  15.25  14.687 
1489810879.25  16.375  16.187  16.187  15.937  15.187  14.625 
1489810939.26  16.375  16.125  16.125  15.937  15.187  14.625 
1489810999.26  16.375  16.125  16.125  15.937  15.187  14.625 
1489811059.27  16.375  16.187  16.187  15.937  15.25  14.687 
1489811119.28  16.375  16.187  16.187  15.937  15.25  14.687 
1489811179.28  16.375  16.125  16.125  15.937  15.187  14.625 
1489811239.29  16.375  16.125  16.125  15.875  15.187  14.625 
1489811299.29  16.375  16.125  16.125  15.937  15.187  14.625 
1489811359.29  16.375  16.125  16.125  15.937  15.187  14.625 
1489811419.29  16.375  16.125  16.125  15.937  15.187  14.687 
1489811479.3  16.375  16.125  16.125  15.937  15.25  14.687 
1489811539.3  16.375  16.125  16.125  15.937  15.25  14.687 
1489811599.31  16.375  16.125  16.125  15.937  15.25  14.625 
1489811659.32  16.312  16.125  16.125  15.937  15.25  14.625 
1489811719.32  16.375  16.125  16.125  15.937  15.25  14.625 
1489811779.33  16.375  16.187  16.187  15.937  15.25  14.625 
1489811839.34  16.375  16.187  16.187  15.937  15.312  14.687 
1489811899.34  16.375  16.187  16.187  15.937  15.312  14.687 
1489811959.34  16.375  16.187  16.187  15.937  15.25  14.625 
1489812019.35  16.375  16.125  16.187  15.937  15.25  14.687 
1489812079.35  16.375  16.187  16.187  15.937  15.25  14.687 
1489812139.36  16.375  16.187  16.187  15.937  15.312  14.687 
1489812199.36  16.375  16.187  16.187  15.937  15.312  14.687 
1489812259.36  16.375  16.25  16.187  15.937  15.312  14.75 
1489812319.36  16.375  16.187  16.187  15.937  15.312  14.75 
1489812379.37  16.375  16.187  16.187  15.937  15.312  14.687 
1489812439.37  16.375  16.187  16.187  15.937  15.312  14.687 
1489812499.37  16.375  16.125  16.187  15.937  15.25  14.687 
1489812559.38  16.375  16.125  16.187  15.937  15.312  14.687 
1489812619.38  16.375  16.187  16.187  15.937  15.312  14.687 
1489812679.38  16.375  16.187  16.187  15.937  15.312  14.687 
1489812739.39  16.375  16.125  16.187  15.937  15.25  14.687 
1489812799.39  16.375  16.125  16.187  15.937  15.312  14.687 
1489812859.4  16.375  16.125  16.187  15.937  15.25  14.687 
1489812919.41  16.375  16.125  16.125  15.937  15.25  14.687 
1489812979.41  16.375  16.125  16.187  15.937  15.25  14.75 
1489813039.42  16.375  16.125  16.187  15.937  15.25  14.687 
1489813099.42  16.375  16.187  16.187  15.937  15.25  14.75 
1489813159.43  16.375  16.187  16.187  15.937  15.25  14.75 
1489813219.44  16.375  16.187  16.187  15.937  15.25  14.75 
1489813279.44  16.375  16.187  16.187  15.937  15.312  14.75 
1489813339.45  16.437  16.25  16.187  16.0  15.312  14.75 
1489813399.46  16.437  16.187  16.187  15.937  15.312  14.75 
1489813459.46  16.375  16.187  16.187  15.937  15.312  14.687 
1489813519.47  16.375  16.187  16.187  15.937  15.25  14.687 
1489813579.48  16.375  16.187  16.187  15.937  15.25  14.687 
1489813639.48  16.375  16.187  16.187  15.937  15.312  14.687 
1489813699.49  16.375  16.187  16.187  15.937  15.25  14.687 
1489813759.49  16.375  16.187  16.187  15.937  15.25  14.687 
1489813819.49  16.375  16.187  16.187  15.937  15.25  14.687 
1489813879.5  16.437  16.187  16.187  16.0  15.312  14.687 
1489813939.51  16.437  16.25  16.25  16.0  15.312  14.75 
1489813999.52  16.437  16.25  16.25  16.0  15.312  14.75 
1489814059.52  16.437  16.25  16.25  16.0  15.312  14.75 
1489814119.53  16.437  16.25  16.25  16.0  15.25  14.75 
1489814179.53  16.437  16.25  16.25  16.0  15.312  14.75 
1489814239.54  16.437  16.25  16.25  16.0  15.312  14.75 
1489814299.54  16.437  16.25  16.25  16.0  15.312  14.75 
1489814359.55  16.437  16.25  16.25  16.0  15.375  14.75 
1489814419.56  16.437  16.25  16.25  16.0  15.312  14.75 
1489814479.57  16.437  16.25  16.25  16.0  15.375  14.75 
1489814539.58  16.437  16.25  16.25  16.0  15.375  14.75 
1489814599.58  16.437  16.25  16.25  16.0  15.375  14.75 
1489814659.59  16.437  16.312  16.25  16.0  15.375  14.812 
1489814719.6  16.437  16.25  16.25  16.0  15.375  14.812 
1489814779.6  16.437  16.25  16.25  16.0  15.375  14.812 
1489814839.6  16.437  16.312  16.312  16.062  15.375  14.812 
1489814899.61  16.437  16.25  16.312  16.062  15.375  14.812 
1489814959.61  16.437  16.312  16.312  16.062  15.375  14.812 
1489815019.62  16.437  16.312  16.312  16.062  15.375  14.812 
1489815079.62  16.437  16.312  16.312  16.062  15.375  14.75 
1489815139.62  16.437  16.25  16.312  16.062  15.375  14.75 
1489815199.63  16.437  16.25  16.25  16.062  15.375  14.75 
1489815259.64  16.437  16.25  16.25  16.062  15.375  14.812 
1489815319.64  16.437  16.25  16.25  16.0  15.375  14.75 
1489815379.65  16.437  16.25  16.25  16.0  15.312  14.812 
1489815439.66  16.437  16.25  16.25  16.062  15.375  14.75 
1489815499.66  16.437  16.25  16.25  16.0  15.375  14.812 
1489815559.67  16.437  16.25  16.25  16.062  15.375  14.812 
1489815619.67  16.437  16.25  16.25  16.0  15.375  14.75 
1489815679.68  16.437  16.25  16.25  16.0  15.375  14.75 
1489815739.69  16.437  16.25  16.25  16.062  15.375  14.75 
1489815799.7  16.437  16.25  16.25  16.0  15.375  14.75 
1489815859.7  16.437  16.25  16.25  16.0  15.375  14.75 
1489815919.7  16.437  16.187  16.25  16.0  15.312  14.75 
1489815979.71  16.437  16.187  16.25  16.0  15.312  14.75 
1489816039.72  16.437  16.187  16.25  16.0  15.312  14.687 
1489816099.73  16.375  16.187  16.187  16.0  15.312  14.75 
1489816159.74  16.375  16.187  16.187  16.0  15.312  14.687 
1489816219.74  16.375  16.187  16.187  16.0  15.312  14.75 
1489816279.75  16.375  16.187  16.187  15.937  15.25  14.687 
1489816339.75  16.375  16.187  16.187  15.937  15.25  14.687 
1489816399.76  16.375  16.125  16.187  15.937  15.25  14.687 
1489816459.77  16.375  16.187  16.187  15.937  15.25  14.75 
1489816519.78  16.375  16.187  16.187  15.937  15.312  14.687 
1489816579.79  16.375  16.187  16.187  15.937  15.25  14.687 
1489816639.79  16.375  16.125  16.125  15.937  15.25  14.687 
1489816699.8  16.375  16.125  16.187  15.937  15.25  14.687 
1489816759.8  16.375  16.125  16.187  15.937  15.25  14.687 
1489816819.81  16.375  16.187  16.187  15.937  15.312  14.75 
1489816879.82  16.375  16.187  16.187  15.937  15.312  14.687 
1489816939.82  16.375  16.125  16.187  15.937  15.312  14.687 
1489816999.83  16.375  16.125  16.187  15.937  15.312  14.687 
1489817059.83  16.375  16.125  16.125  15.937  15.25  14.625 
1489817119.84  16.375  16.125  16.125  15.937  15.25  14.625 
1489817179.85  16.312  16.125  16.125  15.937  15.25  14.625 
1489817239.85  16.312  16.125  16.125  15.937  15.25  14.625 
1489817299.85  16.312  16.125  16.125  15.937  15.25  14.625 
1489817359.85  16.312  16.125  16.125  15.937  15.25  14.687 
1489817419.86  16.375  16.125  16.125  15.937  15.25  14.687 
1489817479.87  16.312  16.125  16.125  15.937  15.25  14.687 
1489817539.88  16.312  16.125  16.125  15.937  15.25  14.687 
1489817599.88  16.312  16.125  16.125  15.937  15.25  14.687 
1489817659.89  16.312  16.125  16.125  15.937  15.25  14.687 
1489817719.89  16.375  16.125  16.125  15.937  15.25  14.687 
1489817779.89  16.375  16.125  16.125  15.875  15.187  14.625 
1489817839.9  16.312  16.125  16.125  15.875  15.187  14.625 
1489817899.91  16.312  16.062  16.125  15.875  15.187  14.625 
1489817959.92  16.312  16.125  16.125  15.875  15.187  14.625 
1489818019.92  16.312  16.125  16.125  15.875  15.187  14.625 
1489818079.93  16.312  16.125  16.125  15.875  15.25  14.625 
1489818139.93  16.312  16.125  16.125  15.875  15.187  14.625 
1489818199.94  16.312  16.125  16.125  15.875  15.187  14.625 
1489818259.95  16.312  16.125  16.125  15.875  15.187  14.625 
1489818319.95  16.312  16.125  16.125  15.875  15.187  14.687 
1489818379.96  16.312  16.125  16.125  15.875  15.187  14.687 
1489818439.97  16.312  16.125  16.125  15.875  15.187  14.625 
1489818499.98  16.312  16.062  16.125  15.875  15.125  14.625 
1489818559.98  16.312  16.062  16.062  15.875  15.125  14.625 
1489818619.99  16.312  16.062  16.062  15.875  15.125  14.625 
1489818680.0  16.312  16.062  16.125  15.875  15.125  14.625 
1489818740.0  16.312  16.125  16.125  15.875  15.125  14.625 
1489818800.0  16.312  16.062  16.062  15.875  15.187  14.625 
1489818860.01  16.312  16.062  16.062  15.875  15.187  14.625 
1489818920.02  16.312  16.062  16.062  15.875  15.125  14.562 
1489818980.03  16.25  16.062  16.062  15.812  15.125  14.625 
1489819040.03  16.312  16.062  16.062  15.812  15.125  14.625 
1489819100.04  16.25  16.062  16.062  15.812  15.062  14.562 
1489819160.05  16.25  16.0  16.062  15.812  15.062  14.562 
1489819220.05  16.25  16.062  16.062  15.812  15.125  14.562 
1489819280.06  16.312  16.062  16.062  15.812  15.125  14.625 
1489819340.07  16.312  16.062  16.062  15.812  15.125  14.625 
1489819400.08  16.312  16.062  16.062  15.812  15.187  14.625 
1489819460.08  16.312  16.062  16.062  15.812  15.187  14.625 
1489819520.09  16.312  16.062  16.062  15.812  15.187  14.625 
1489819580.09  16.312  16.062  16.062  15.812  15.125  14.625 
1489819640.09  16.312  16.062  16.062  15.812  15.125  14.562 
1489819700.1  16.25  16.062  16.062  15.812  15.125  14.562 
1489819760.11  16.25  16.062  16.062  15.812  15.187  14.625 
1489819820.11  16.25  16.062  16.062  15.812  15.125  14.562 
1489819880.12  16.25  16.062  16.062  15.812  15.125  14.562 
1489819940.12  16.25  16.062  16.062  15.812  15.125  14.625 
1489820000.12  16.25  16.062  16.062  15.812  15.187  14.562 
1489820060.13  16.25  16.0  16.062  15.812  15.187  14.562 
1489820120.14  16.25  16.062  16.062  15.812  15.125  14.625 
1489820180.15  16.25  16.062  16.062  15.812  15.187  14.625 
1489820240.15  16.312  16.062  16.062  15.812  15.187  14.625 
1489820300.16  16.25  16.062  16.062  15.812  15.187  14.625 
1489820360.16  16.312  16.062  16.062  15.812  15.187  14.625 
1489820420.16  16.312  16.062  16.062  15.812  15.187  14.625 
1489820480.17  16.312  16.062  16.062  15.812  15.125  14.625 
1489820540.18  16.312  16.062  16.062  15.812  15.125  14.625 
1489820600.19  16.312  16.062  16.062  15.812  15.125  14.625 
1489820660.19  16.312  16.062  16.062  15.812  15.187  14.625 
1489820720.2  16.312  16.062  16.062  15.812  15.125  14.625 
1489820780.2  16.312  16.062  16.062  15.812  15.125  14.562 
1489820840.21  16.312  16.062  16.062  15.812  15.125  14.562 
1489820900.22  16.312  16.062  16.062  15.812  15.187  14.562 
1489820960.22  16.312  16.062  16.062  15.812  15.187  14.562 
1489821020.22  16.25  16.062  16.062  15.812  15.187  14.562 
1489821080.22  16.312  16.062  16.062  15.812  15.187  14.625 
1489821140.23  16.312  16.062  16.062  15.812  15.187  14.625 
1489821200.24  16.312  16.062  16.062  15.812  15.187  14.625 
1489821260.25  16.312  16.062  16.062  15.812  15.187  14.625 
1489821320.26  16.312  16.062  16.062  15.812  15.187  14.625 
1489821380.27  16.312  16.0  16.062  15.812  15.125  14.562 
1489821440.28  16.312  16.062  16.062  15.812  15.187  14.625 
1489821500.29  16.25  16.062  16.062  15.812  15.187  14.562 
1489821560.29  16.25  16.062  16.062  15.812  15.187  14.625 
1489821620.3  16.312  16.062  16.062  15.812  15.187  14.625 
1489821680.31  16.25  16.062  16.062  15.812  15.187  14.625 
1489821740.32  16.25  16.062  16.062  15.812  15.187  14.625 
1489821800.33  16.25  16.062  16.062  15.812  15.125  14.562 
1489821860.33  16.25  16.062  16.062  15.812  15.125  14.625 
1489821920.34  16.25  16.062  16.062  15.812  15.125  14.562 
1489821980.35  16.25  16.0  16.062  15.812  15.125  14.562 
1489822040.36  16.25  16.0  16.062  15.812  15.125  14.562 
1489822100.36  16.25  16.062  16.062  15.812  15.125  14.562 
1489822160.37  16.25  16.062  16.062  15.812  15.125  14.562 
1489822220.37  16.25  16.0  16.062  15.812  15.125  14.562 
1489822280.38  16.25  16.0  16.062  15.812  15.125  14.562 
1489822340.39  16.25  16.062  16.062  15.812  15.125  14.562 
1489822400.39  16.25  16.0  16.0  15.812  15.125  14.562 
1489822460.4  16.25  16.0  16.062  15.812  15.125  14.562 
1489822520.41  16.25  16.0  16.0  15.812  15.125  14.562 
1489822580.41  16.25  16.0  16.0  15.812  15.062  14.5 
1489822640.42  16.25  16.0  16.0  15.812  15.062  14.5 
1489822700.42  16.25  16.0  16.0  15.812  15.062  14.562 
1489822760.43  16.25  16.0  16.0  15.812  15.062  14.562 
1489822820.43  16.25  16.0  16.0  15.75  15.125  14.562 
1489822880.44  16.25  16.0  16.0  15.812  15.125  14.562 
1489822940.44  16.25  16.0  16.062  15.812  15.125  14.562 
1489823000.45  16.25  16.0  16.0  15.812  15.062  14.5 
1489823060.46  16.25  16.0  16.0  15.812  15.062  14.5 
1489823120.47  16.25  16.0  16.0  15.812  15.062  14.562 
1489823180.48  16.25  16.0  16.0  15.812  15.062  14.562 
1489823240.48  16.25  16.0  16.062  15.812  15.125  14.562 
1489823300.48  16.25  16.0  16.0  15.812  15.062  14.562 
1489823360.49  16.25  16.0  16.0  15.75  15.062  14.562 
1489823420.49  16.25  16.0  16.0  15.812  15.062  14.562 
1489823480.49  16.25  16.0  16.062  15.812  15.062  14.562 
1489823540.5  16.25  16.0  16.062  15.812  15.062  14.562 
1489823600.5  16.25  16.0  16.062  15.812  15.125  14.562 
1489823660.51  16.25  16.0  16.062  15.812  15.125  14.562 
1489823720.51  16.25  16.0  16.062  15.812  15.125  14.562 
1489823780.52  16.25  16.062  16.062  15.812  15.187  14.562 
1489823840.52  16.25  16.062  16.062  15.812  15.187  14.625 
1489823900.52  16.312  16.125  16.062  15.875  15.187  14.625 
1489823960.52  16.312  16.062  16.062  15.875  15.187  14.625 
1489824020.53  16.25  16.062  16.062  15.875  15.125  14.625 
1489824080.53  16.312  16.062  16.062  15.812  15.125  14.562 
1489824140.54  16.25  16.062  16.062  15.875  15.125  14.562 
1489824200.54  16.25  16.0  16.062  15.812  15.125  14.562 
1489824260.55  16.25  16.0  16.062  15.812  15.125  14.562 
1489824320.56  16.25  16.0  16.062  15.812  15.125  14.562 
1489824380.57  16.25  16.062  16.062  15.812  15.125  14.562 
1489824440.57  16.25  16.062  16.062  15.812  15.187  14.562 
1489824500.58  16.25  16.062  16.062  15.812  15.187  14.562 
1489824560.58  16.25  16.062  16.062  15.812  15.125  14.562 
1489824620.59  16.25  16.0  16.062  15.812  15.187  14.562 
1489824680.6  16.25  16.0  16.062  15.812  15.125  14.562 
1489824740.6  16.187  16.0  16.062  15.812  15.125  14.562 
1489824800.61  16.187  16.0  16.062  15.812  15.062  14.562 
1489824860.61  16.25  16.0  16.062  15.812  15.125  14.562 
1489824920.61  16.25  16.0  16.062  15.812  15.125  14.562 
1489824980.61  16.187  16.0  16.062  15.812  15.125  14.562 
1489825040.62  16.187  16.0  16.062  15.812  15.125  14.562 
1489825100.62  16.25  16.0  16.062  15.812  15.125  14.562 
1489825160.63  16.25  16.062  16.062  15.812  15.125  14.562 
1489825220.64  16.25  16.0  16.062  15.812  15.125  14.5 
1489825280.65  16.187  16.0  16.062  15.812  15.062  14.562 
1489825340.66  16.25  16.0  16.062  15.812  15.062  14.562 
1489825400.66  16.25  16.0  16.062  15.812  15.125  14.562 
1489825460.67  16.25  16.0  16.062  15.812  15.125  14.562 
1489825520.67  16.25  16.0  16.062  15.812  15.125  14.562 
1489825580.68  16.25  16.062  16.062  15.812  15.062  14.562 
1489825640.69  16.25  16.062  16.062  15.812  15.125  14.562 
1489825700.69  16.25  16.0  16.062  15.812  15.125  14.562 
1489825760.7  16.25  16.0  16.062  15.812  15.062  14.562 
1489825820.7  16.25  16.0  16.062  15.812  15.062  14.562 
1489825880.71  16.25  16.0  16.062  15.812  15.125  14.562 
1489825940.72  16.25  16.0  16.062  15.812  15.125  14.562 
1489826000.72  16.25  16.0  16.062  15.812  15.125  14.562 
1489826060.72  16.187  16.0  16.062  15.812  15.125  14.562 
1489826120.73  16.25  16.0  16.062  15.812  15.125  14.562 
1489826180.74  16.25  16.062  16.062  15.812  15.125  14.562 
1489826240.74  16.25  16.0  16.062  15.812  15.062  14.562 
1489826300.74  16.187  16.0  16.062  15.812  15.062  14.562 
1489826360.75  16.187  16.0  16.0  15.812  15.062  14.5 
1489826420.75  16.187  16.0  16.0  15.812  15.062  14.5 
1489826480.75  16.187  16.0  16.062  15.812  15.062  14.562 
1489826540.76  16.187  16.0  16.062  15.812  15.062  14.562 
1489826600.76  16.187  16.0  16.0  15.75  15.062  14.5 
1489826660.77  16.187  16.0  16.0  15.75  15.0  14.5 
1489826720.77  16.187  16.0  16.0  15.75  15.0  14.5 
1489826780.78  16.187  16.0  16.0  15.75  15.0  14.5 
1489826840.79  16.187  16.0  16.0  15.75  15.0  14.5 
1489826900.79  16.187  16.0  16.0  15.75  15.0  14.5 
1489826960.79  16.187  16.0  16.0  15.75  15.0  14.5 
1489827020.8  16.187  16.0  16.0  15.75  15.062  14.5 
1489827080.81  16.187  15.937  16.0  15.75  15.062  14.5 
1489827140.81  16.187  15.937  16.0  15.75  15.062  14.5 
1489827200.81  16.187  16.0  16.0  15.75  15.062  14.5 
1489827260.82  16.187  16.0  16.0  15.75  15.062  14.5 
1489827320.82  16.125  15.937  16.0  15.75  15.0  14.5 
1489827380.83  16.125  15.937  15.937  15.75  15.0  14.5 
1489827440.83  16.187  15.937  16.0  15.75  15.0  14.5 
1489827500.84  16.187  15.937  16.0  15.75  15.0  14.5 
1489827560.84  16.187  15.937  16.0  15.75  15.0  14.5 
1489827620.84  16.187  16.0  16.0  15.75  15.0  14.5 
1489827680.85  16.187  16.0  16.0  15.75  15.062  14.562 
1489827740.86  16.187  16.0  16.0  15.75  15.062  14.562 
1489827800.87  16.187  16.0  16.0  15.75  15.062  14.562 
1489827860.88  16.187  16.0  16.0  15.75  15.062  14.5 
1489827920.88  16.187  16.0  16.0  15.75  15.0  14.5 
1489827980.88  16.187  15.937  16.0  15.75  15.0  14.5 
1489828040.89  16.187  16.0  16.0  15.75  15.062  14.5 
1489828100.89  16.187  15.937  16.0  15.75  15.062  14.5 
1489828160.9  16.187  15.937  16.0  15.75  15.0  14.5 
1489828220.9  16.187  16.0  16.0  15.75  15.0  14.5 
1489828280.91  16.187  15.937  16.0  15.75  15.0  14.5 
1489828340.91  16.187  16.0  16.0  15.75  15.0  14.5 
1489828400.91  16.187  15.937  16.0  15.75  14.937  14.5 
1489828460.91  16.125  15.937  15.937  15.75  15.0  14.5 
1489828520.92  16.125  15.937  15.937  15.75  14.937  14.5 
1489828580.93  16.125  15.937  15.937  15.75  14.937  14.5 
1489828640.94  16.125  15.937  15.937  15.75  15.0  14.5 
1489828700.94  16.187  15.937  15.937  15.75  15.0  14.5 
1489828760.94  16.187  15.937  15.937  15.75  15.0  14.5 
1489828820.95  16.187  15.937  16.0  15.75  15.0  14.5 
1489828880.95  16.187  15.937  16.0  15.75  15.0  14.5 
1489828940.95  16.187  16.0  16.0  15.75  15.062  14.5 
1489829000.96  16.187  16.0  16.0  15.75  15.0  14.5 
1489829060.96  16.187  16.0  16.0  15.75  15.0  14.5 
1489829120.97  16.187  15.937  15.937  15.75  14.937  14.5 
1489829180.98  16.187  15.937  15.937  15.75  15.0  14.5 
1489829240.98  16.187  15.937  15.937  15.75  15.0  14.5 
1489829300.99  16.187  15.937  15.937  15.75  15.0  14.5 
1489829361.0  16.125  15.937  15.937  15.75  15.0  14.5 
1489829421.0  16.187  15.937  15.937  15.75  15.0  14.5 
1489829481.01  16.187  15.937  15.937  15.687  14.937  14.5 
1489829541.02  16.187  15.937  15.937  15.75  15.0  14.437 
1489829601.03  16.187  15.937  16.0  15.75  15.0  14.437 
1489829661.04  16.187  16.0  16.0  15.75  15.0  14.5 
1489829721.04  16.187  16.0  16.0  15.75  15.0  14.5 
1489829781.04  16.187  16.0  16.0  15.75  15.0  14.5 
1489829841.05  16.187  15.937  16.0  15.75  15.0  14.5 
1489829901.05  16.125  15.937  15.937  15.75  15.0  14.5 
1489829961.06  16.125  15.937  15.937  15.75  15.0  14.5 
1489830021.07  16.187  15.937  15.937  15.75  14.937  14.437 
1489830081.07  16.187  15.937  15.937  15.75  15.0  14.437 
1489830141.08  16.187  15.937  16.0  15.75  15.0  14.437 
1489830201.09  16.125  15.937  15.937  15.75  15.0  14.437 
1489830261.1  16.125  15.937  15.937  15.75  14.937  14.437 
1489830321.1  16.125  15.937  15.937  15.75  14.937  14.437 
1489830381.11  16.125  15.937  15.937  15.75  14.937  14.437 
1489830441.12  16.187  15.937  15.937  15.75  15.0  14.437 
1489830501.12  16.187  15.937  15.937  15.75  14.937  14.437 
1489830561.13  16.125  15.937  15.937  15.75  14.937  14.437 
1489830621.13  16.125  15.937  15.937  15.687  14.875  14.437 
1489830681.13  16.125  15.937  15.937  15.687  14.875  14.437 
1489830741.13  16.125  15.937  15.937  15.687  14.937  14.437 
1489830801.14  16.125  15.937  15.937  15.687  14.937  14.437 
1489830861.15  16.125  15.937  15.937  15.687  14.937  14.437 
1489830921.16  16.187  15.937  15.937  15.75  15.0  14.437 
1489830981.16  16.187  15.937  16.0  15.75  15.0  14.5 
1489831041.16  16.187  15.937  16.0  15.75  15.0  14.5 
1489831101.16  16.187  15.937  16.0  15.75  15.0  14.437 
1489831161.17  16.187  15.937  15.937  15.75  15.0  14.437 
1489831221.18  16.187  15.937  15.937  15.75  14.937  14.437 
1489831281.19  16.187  15.937  15.937  15.75  14.937  14.437 
1489831341.19  16.187  15.937  15.937  15.687  14.937  14.437 
1489831401.2  16.125  15.937  15.937  15.687  14.875  14.437 
1489831461.21  16.125  15.937  15.937  15.687  14.937  14.437 
1489831521.21  16.187  15.937  15.937  15.75  14.937  14.437 
1489831581.21  16.187  15.937  15.937  15.687  14.937  14.437 
1489831641.22  16.187  15.937  15.937  15.75  15.0  14.5 
1489831701.23  16.187  15.937  15.937  15.687  15.0  14.5 
1489831761.24  16.187  16.0  16.0  15.75  15.0  14.5 
1489831821.24  16.187  16.0  16.0  15.75  15.062  14.5 
1489831881.25  16.187  16.0  16.0  15.75  15.0  14.5 
1489831941.26  16.187  16.0  16.0  15.75  15.0  14.5 
1489832001.26  16.187  15.937  15.937  15.75  14.937  14.437 
1489832061.26  16.125  15.937  15.937  15.75  14.937  14.437 
1489832121.27  16.125  15.937  15.937  15.687  14.937  14.437 
1489832181.28  16.187  15.937  15.937  15.687  15.0  14.5 
1489832241.29  16.187  15.937  15.937  15.75  15.0  14.5 
1489832301.3  16.187  15.937  15.937  15.75  15.0  14.5 
1489832361.31  16.187  15.937  15.937  15.75  15.0  14.5 
1489832421.31  16.187  16.0  16.0  15.75  15.062  14.5 
1489832481.32  16.187  16.0  16.0  15.75  15.062  14.562 
1489832541.32  16.187  16.0  16.0  15.75  15.062  14.562 
1489832601.32  16.187  16.0  16.0  15.75  15.0  14.5 
1489832661.33  16.187  16.0  16.0  15.75  15.0  14.5 
1489832721.33  16.187  15.937  16.0  15.75  15.0  14.5 
1489832781.33  16.187  16.0  16.0  15.75  15.0  14.5 
1489832841.34  16.187  16.0  16.0  15.75  15.0  14.5 
1489832901.35  16.187  16.0  16.0  15.75  15.062  14.5 
1489832961.35  16.187  16.0  16.0  15.75  15.0  14.5 
1489833021.36  16.187  15.937  15.937  15.75  15.0  14.5 
1489833081.36  16.187  15.937  15.937  15.75  14.937  14.5 
1489833141.37  16.187  15.937  15.937  15.687  14.937  14.5 
1489833201.38  16.125  15.937  15.937  15.687  14.937  14.437 
1489833261.38  16.125  15.937  15.937  15.687  14.937  14.437 
1489833321.39  16.125  15.937  15.937  15.687  14.937  14.437 
1489833381.39  16.125  15.875  15.937  15.687  14.875  14.437 
1489833441.4  16.125  15.875  15.937  15.687  14.875  14.437 
1489833501.4  16.125  15.875  15.875  15.687  14.875  14.437 
1489833561.41  16.125  15.875  15.937  15.687  14.875  14.437 
1489833621.41  16.125  15.875  15.937  15.687  14.875  14.437 
1489833681.42  16.125  15.875  15.937  15.687  14.937  14.437 
1489833741.43  16.125  15.937  15.937  15.687  14.937  14.437 
1489833801.44  16.125  15.937  15.937  15.687  14.937  14.437 
1489833861.44  16.125  15.937  15.937  15.687  14.937  14.437 
1489833921.45  16.187  15.937  15.937  15.687  14.937  14.5 
1489833981.45  16.125  15.937  15.937  15.687  15.0  14.5 
1489834041.45  16.187  15.937  15.937  15.75  15.0  14.5 
1489834101.46  16.187  16.0  16.0  15.75  15.0  14.5 
1489834161.47  16.187  16.0  16.0  15.75  15.0  14.5 
1489834221.48  16.187  16.0  16.0  15.75  15.0  14.5 
1489834281.48  16.187  15.937  16.0  15.75  15.0  14.5 
1489834341.49  16.187  15.937  16.0  15.75  15.0  14.5 
1489834401.5  16.187  15.937  15.937  15.75  14.937  14.437 
1489834461.5  16.125  15.937  15.937  15.75  14.937  14.437 
1489834521.51  16.125  15.937  15.937  15.75  14.937  14.437 
1489834581.51  16.187  15.937  15.937  15.75  14.937  14.5 
1489834641.52  16.187  15.937  15.937  15.75  14.937  14.437 
1489834701.52  16.125  15.937  15.937  15.75  14.937  14.437 
1489834761.53  16.125  15.937  15.937  15.687  14.875  14.437 
1489834821.53  16.125  15.937  15.937  15.687  14.875  14.437 
1489834881.54  16.125  15.937  15.937  15.687  14.875  14.437 
1489834941.55  16.125  15.937  15.937  15.687  14.937  14.437 
1489835001.55  16.125  15.937  15.937  15.687  14.875  14.437 
1489835061.56  16.125  15.875  15.937  15.687  14.875  14.437 
1489835121.56  16.125  15.875  15.937  15.687  14.937  14.437 
1489835181.57  16.125  15.937  15.937  15.687  14.937  14.437 
1489835241.58  16.187  15.937  15.937  15.687  14.937  14.437 
1489835301.58  16.125  15.937  15.937  15.687  14.937  14.437 
1489835361.58  16.187  15.937  15.937  15.687  15.0  14.5 
1489835421.59  16.187  16.0  16.0  15.75  15.0  14.5 
1489835481.6  16.187  16.0  16.0  15.75  15.0  14.5 
1489835541.61  16.187  16.0  16.0  15.75  15.062  14.562 
1489835601.62  16.25  16.062  16.062  15.812  15.125  14.562 
1489835661.62  16.25  16.062  16.062  15.812  15.125  14.625 
1489835721.63  16.25  16.062  16.062  15.812  15.125  14.625 
1489835781.63  16.25  16.062  16.062  15.812  15.062  14.625 
1489835841.63  16.25  16.062  16.062  15.812  15.062  14.625 
1489835901.64  16.25  16.062  16.062  15.812  15.062  14.562 
1489835961.64  16.25  16.062  16.062  15.812  15.062  14.562 
1489836021.65  16.25  16.062  16.062  15.812  15.062  14.562 
1489836081.66  16.25  16.062  16.062  15.812  15.062  14.625 
1489836141.66  16.25  16.062  16.062  15.812  15.125  14.625 
1489836201.67  16.25  16.062  16.062  15.812  15.125  14.625 
1489836261.68  16.312  16.062  16.062  15.812  15.125  14.625 
1489836321.69  16.312  16.125  16.062  15.875  15.187  14.687 
1489836381.69  16.312  16.125  16.125  15.875  15.125  14.687 
1489836441.7  16.312  16.125  16.125  15.875  15.125  14.687 
1489836501.71  16.312  16.125  16.125  15.875  15.187  14.687 
1489836561.71  16.312  16.125  16.125  15.875  15.187  14.687 
1489836621.72  16.312  16.125  16.125  15.875  15.187  14.687 
1489836681.72  16.312  16.062  16.125  15.875  15.187  14.687 
1489836741.72  16.312  16.125  16.125  15.875  15.187  14.687 
1489836801.73  16.312  16.125  16.125  15.875  15.187  14.687 
1489836861.74  16.312  16.125  16.125  15.875  15.25  14.75 
1489836921.74  16.375  16.187  16.125  15.937  15.25  14.75 
1489836981.75  16.375  16.187  16.187  15.937  15.25  14.75 
1489837041.76  16.375  16.187  16.187  15.937  15.25  14.75 
1489837101.77  16.375  16.187  16.187  15.937  15.25  14.75 
1489837161.77  16.375  16.187  16.187  15.937  15.25  14.75 
1489837221.77  16.375  16.187  16.187  15.937  15.25  14.75 
1489837281.78  16.375  16.187  16.187  15.937  15.25  14.75 
1489837341.78  16.375  16.187  16.187  15.937  15.25  14.75 
1489837401.79  16.375  16.187  16.187  15.937  15.25  14.75 
1489837461.8  16.375  16.187  16.187  15.937  15.25  14.75 
1489837521.81  16.375  16.187  16.187  16.0  15.25  14.75 
1489837581.81  16.375  16.187  16.187  15.937  15.25  14.75 
1489837641.82  16.375  16.25  16.187  16.0  15.25  14.75 
1489837701.83  16.375  16.25  16.187  16.0  15.312  14.812 
1489837761.84  16.375  16.25  16.25  16.0  15.312  14.812 
1489837821.84  16.375  16.25  16.25  16.0  15.312  14.812 
1489837881.84  16.437  16.25  16.25  16.0  15.375  14.812 
1489837941.85  16.437  16.25  16.25  16.0  15.375  14.812 
1489838001.86  16.437  16.25  16.25  16.0  15.375  14.812 
1489838061.86  16.437  16.25  16.25  16.0  15.375  14.812 
1489838121.87  16.437  16.25  16.25  16.0  15.375  14.812 
1489838181.87  16.437  16.25  16.25  16.0  15.375  14.875 
1489838241.88  16.437  16.25  16.25  16.0  15.437  14.875 
1489838301.88  16.437  16.312  16.312  16.062  15.437  14.875 
1489838361.89  16.437  16.312  16.312  16.062  15.437  14.875 
1489838421.89  16.437  16.312  16.312  16.062  15.437  14.875 
1489838481.9  16.437  16.312  16.312  16.062  15.375  14.875 
1489838541.91  16.437  16.25  16.25  16.062  15.312  14.812 
1489838601.91  16.437  16.25  16.25  16.0  15.312  14.812 
1489838661.91  16.437  16.187  16.25  16.0  15.25  14.812 
1489838721.92  16.437  16.25  16.25  16.0  15.312  14.812 
1489838781.92  16.437  16.25  16.25  16.0  15.25  14.812 
1489838841.93  16.375  16.187  16.25  16.0  15.25  14.812 
1489838901.94  16.375  16.187  16.25  16.0  15.25  14.812 
1489838961.94  16.375  16.187  16.25  16.0  15.25  14.812 
1489839021.94  16.375  16.187  16.25  16.0  15.25  14.812 
1489839081.94  16.375  16.187  16.25  16.0  15.25  14.812 
1489839141.95  16.375  16.187  16.25  16.0  15.25  14.812 
1489839201.95  16.375  16.187  16.187  16.0  15.312  14.812 
1489839261.96  16.375  16.187  16.187  16.0  15.312  14.812 
1489839321.96  16.375  16.187  16.25  16.0  15.25  14.812 
1489839381.97  16.375  16.187  16.187  16.0  15.25  14.812 
1489839441.97  16.375  16.187  16.187  16.0  15.187  14.75 
1489839501.98  16.375  16.187  16.187  16.0  15.25  14.812 
1489839561.98  16.375  16.187  16.187  16.0  15.25  14.812 
1489839621.98  16.375  16.187  16.25  16.0  15.312  14.812 
1489839681.98  16.375  16.25  16.25  16.0  15.25  14.812 
1489839741.99  16.375  16.25  16.25  16.0  15.312  14.812 
1489839802.0  16.375  16.187  16.25  16.0  15.312  14.812 
1489839862.01  16.375  16.25  16.25  16.0  15.25  14.812 
1489839922.01  16.375  16.187  16.187  16.0  15.25  14.812 
1489839982.01  16.375  16.25  16.187  16.0  15.25  14.812 
1489840042.02  16.375  16.25  16.25  16.0  15.312  14.812 
1489840102.02  16.375  16.187  16.25  16.0  15.312  14.812 
1489840162.03  16.375  16.187  16.25  16.0  15.312  14.812 
1489840222.04  16.375  16.25  16.25  16.0  15.312  14.812 
1489840282.04  16.437  16.25  16.25  16.0  15.312  14.812 
1489840342.05  16.437  16.25  16.25  16.0  15.375  14.812 
1489840402.05  16.437  16.25  16.25  16.0  15.375  14.812 
1489840462.06  16.437  16.25  16.25  16.0  15.375  14.875 
1489840522.07  16.437  16.312  16.312  16.062  15.375  14.875 
1489840582.07  16.437  16.312  16.312  16.062  15.437  14.875 
1489840642.08  16.437  16.312  16.312  16.062  15.437  14.875 
1489840702.09  16.437  16.25  16.312  16.062  15.375  14.875 
1489840762.09  16.437  16.25  16.25  16.062  15.312  14.812 
1489840822.09  16.437  16.25  16.25  16.062  15.375  14.875 
1489840882.1  16.437  16.25  16.25  16.062  15.375  14.875 
1489840942.1  16.437  16.312  16.312  16.062  15.437  14.875 
1489841002.11  16.437  16.312  16.312  16.062  15.437  14.875 
1489841062.12  16.437  16.312  16.25  16.062  15.375  14.875 
1489841122.13  16.437  16.25  16.25  16.062  15.375  14.875 
1489841182.13  16.437  16.312  16.312  16.062  15.375  14.875 
1489841242.14  16.437  16.312  16.312  16.062  15.375  14.875 
1489841302.15  16.437  16.312  16.312  16.062  15.375  14.875 
1489841362.15  16.437  16.312  16.312  16.062  15.375  14.875 
1489841422.15  16.437  16.312  16.312  16.062  15.375  14.875 
1489841482.16  16.437  16.312  16.312  16.062  15.375  14.875 
1489841542.16  16.437  16.312  16.312  16.062  15.437  14.875 
1489841602.17  16.437  16.312  16.312  16.062  15.437  14.937 
1489841662.18  16.437  16.312  16.312  16.062  15.437  14.937 
1489841722.19  16.437  16.25  16.312  16.062  15.375  14.875 
1489841782.19  16.437  16.25  16.25  16.062  15.375  14.875 
1489841842.2  16.437  16.25  16.312  16.062  15.375  14.875 
1489841902.21  16.437  16.25  16.312  16.062  15.375  14.875 
1489841962.21  16.437  16.25  16.312  16.062  15.437  14.875 
1489842022.21  16.437  16.25  16.312  16.062  15.375  14.875 
1489842082.22  16.437  16.312  16.312  16.062  15.375  14.875 
1489842142.23  16.437  16.25  16.312  16.062  15.375  14.875 
1489842202.23  16.437  16.25  16.312  16.062  15.375  14.875 
1489842262.24  16.437  16.25  16.312  16.062  15.375  14.875 
1489842322.25  16.437  16.25  16.312  16.062  15.375  14.875 
1489842382.26  16.437  16.312  16.312  16.062  15.437  14.875 
1489842442.27  16.437  16.25  16.312  16.062  15.375  14.875 
1489842502.27  16.437  16.25  16.312  16.062  15.375  14.875 
1489842562.28  16.437  16.312  16.312  16.062  15.437  14.875 
1489842622.28  16.437  16.25  16.312  16.062  15.375  14.875 
1489842682.29  16.437  16.25  16.312  16.062  15.375  14.875 
1489842742.3  16.437  16.25  16.312  16.062  15.375  14.875 
1489842802.3  16.437  16.25  16.312  16.062  15.437  14.875 
1489842862.31  16.437  16.312  16.312  16.062  15.437  14.875 
1489842922.31  16.437  16.312  16.312  16.062  15.437  14.875 
1489842982.32  16.437  16.25  16.312  16.062  15.375  14.875 
1489843042.33  16.437  16.25  16.25  16.062  15.375  14.875 
1489843102.34  16.437  16.25  16.25  16.062  15.375  14.812 
1489843162.35  16.437  16.25  16.25  16.062  15.375  14.812 
1489843222.36  16.437  16.25  16.25  16.062  15.312  14.812 
1489843282.36  16.437  16.25  16.25  16.062  15.375  14.812 
1489843342.36  16.437  16.25  16.25  16.062  15.375  14.875 
1489843402.37  16.437  16.312  16.312  16.062  15.375  14.875 
1489843462.38  16.437  16.312  16.312  16.062  15.437  14.937 
1489843522.39  16.437  16.312  16.312  16.062  15.437  14.875 
1489843582.39  16.437  16.25  16.312  16.062  15.375  14.875 
1489843642.4  16.437  16.25  16.25  16.062  15.375  14.875 
1489843702.4  16.437  16.25  16.25  16.062  15.375  14.875 
1489843762.41  16.437  16.25  16.25  16.062  15.375  14.875 
1489843822.42  16.437  16.25  16.25  16.062  15.375  14.812 
1489843882.43  16.437  16.25  16.25  16.062  15.312  14.812 
1489843942.43  16.437  16.25  16.25  16.062  15.312  14.812 
1489844002.43  16.375  16.25  16.25  16.062  15.312  14.812 
1489844062.44  16.375  16.187  16.25  16.0  15.312  14.812 
1489844122.45  16.375  16.25  16.25  16.0  15.312  14.812 
1489844182.46  16.375  16.187  16.25  16.0  15.312  14.812 
1489844242.46  16.375  16.187  16.25  16.0  15.312  14.812 
1489844302.47  16.375  16.187  16.25  16.0  15.25  14.812 
1489844362.48  16.375  16.187  16.25  16.0  15.25  14.812 
1489844422.49  16.375  16.187  16.25  16.0  15.25  14.812 
1489844482.5  16.375  16.187  16.187  16.0  15.25  14.812 
1489844542.5  16.375  16.187  16.187  16.0  15.25  14.812 
1489844602.51  16.375  16.187  16.25  16.0  15.25  14.812 
1489844662.51  16.375  16.25  16.25  16.0  15.312  14.812 
1489844722.52  16.375  16.187  16.25  16.0  15.25  14.812 
1489844782.53  16.375  16.187  16.187  16.0  15.25  14.812 
1489844842.53  16.375  16.187  16.187  16.0  15.25  14.812 
1489844902.54  16.375  16.187  16.187  16.0  15.187  14.812 
1489844962.55  16.375  16.187  16.187  16.0  15.25  14.812 
1489845022.55  16.375  16.187  16.187  15.937  15.25  14.812 
1489845082.56  16.375  16.187  16.187  15.937  15.25  14.812 
1489845142.57  16.375  16.187  16.187  15.937  15.187  14.812 
1489845202.58  16.312  16.125  16.187  15.937  15.187  14.812 
1489845262.59  16.312  16.125  16.187  15.937  15.125  14.75 
1489845322.59  16.312  16.125  16.125  15.937  15.187  14.812 
1489845382.6  16.312  16.125  16.187  15.937  15.187  14.812 
1489845442.6  16.312  16.187  16.187  15.937  15.187  14.75 
1489845502.61  16.312  16.125  16.125  15.937  15.187  14.75 
1489845562.62  16.312  16.125  16.125  15.937  15.187  14.75 
1489845622.62  16.312  16.125  16.125  15.937  15.187  14.812 
1489845682.62  16.312  16.125  16.125  15.937  15.187  14.75 
1489845742.63  16.312  16.125  16.125  15.937  15.187  14.75 
1489845802.63  16.312  16.125  16.125  15.875  15.187  14.75 
1489845862.64  16.312  16.125  16.125  15.875  15.187  14.75 
1489845922.65  16.312  16.125  16.125  15.875  15.125  14.75 
1489845982.66  16.312  16.125  16.125  15.875  15.125  14.75 
1489846042.66  16.312  16.125  16.125  15.875  15.125  14.75 
1489846102.67  16.312  16.062  16.125  15.875  15.125  14.75 
1489846162.68  16.25  16.062  16.125  15.875  15.125  14.75 
1489846222.68  16.25  16.062  16.062  15.875  15.125  14.75 
1489846282.69  16.25  16.062  16.062  15.875  15.062  14.75 
1489846342.7  16.25  16.062  16.062  15.875  15.062  14.75 
1489846402.7  16.25  16.062  16.062  15.875  15.062  14.75 
1489846462.71  16.25  16.062  16.062  15.812  15.062  14.687 
1489846522.72  16.25  16.062  16.062  15.812  15.062  14.687 
1489846582.72  16.25  16.062  16.062  15.812  15.062  14.687 
1489846642.73  16.25  16.062  16.062  15.812  15.125  14.687 
1489846702.74  16.25  16.062  16.062  15.875  15.125  14.75 
1489846762.74  16.312  16.062  16.062  15.812  15.125  14.687 
1489846822.74  16.25  16.062  16.062  15.875  15.062  14.687 
1489846882.74  16.25  16.062  16.062  15.812  15.062  14.75 
1489846942.75  16.25  16.062  16.062  15.812  15.062  14.75 
1489847002.76  16.25  16.062  16.062  15.812  15.125  14.75 
1489847062.77  16.312  16.062  16.062  15.875  15.125  14.75 
1489847122.77  16.312  16.125  16.125  15.875  15.187  14.75 
1489847182.78  16.312  16.125  16.125  15.875  15.187  14.75 
1489847242.78  16.312  16.125  16.125  15.875  15.187  14.75 
1489847302.79  16.312  16.125  16.125  15.875  15.187  14.75 
1489847362.79  16.312  16.125  16.125  15.875  15.187  14.75 
1489847422.8  16.312  16.125  16.125  15.875  15.187  14.75 
1489847482.8  16.312  16.125  16.125  15.875  15.187  14.75 
1489847542.81  16.312  16.125  16.125  15.875  15.187  14.75 
1489847602.82  16.312  16.125  16.125  15.875  15.187  14.75 
1489847662.83  16.312  16.125  16.125  15.875  15.187  14.75 
1489847722.84  16.312  16.125  16.125  15.875  15.187  14.75 
1489847782.84  16.312  16.125  16.125  15.875  15.187  14.75 
1489847842.85  16.312  16.125  16.125  15.875  15.187  14.75 
1489847902.85  16.312  16.125  16.125  15.937  15.187  14.75 
1489847962.86  16.312  16.125  16.125  15.937  15.187  14.75 
1489848022.86  16.312  16.125  16.125  15.937  15.25  14.75 
1489848082.87  16.312  16.125  16.187  15.937  15.25  14.75 
1489848142.88  16.312  16.125  16.125  15.937  15.187  14.75 
1489848202.88  16.375  16.187  16.125  15.937  15.25  14.75 
1489848262.89  16.312  16.187  16.187  15.937  15.25  14.812 
1489848322.89  16.312  16.125  16.187  15.937  15.25  14.812 
1489848382.89  16.312  16.187  16.187  15.937  15.25  14.812 
1489848442.89  16.312  16.187  16.187  15.937  15.25  14.812 
1489848502.9  16.375  16.187  16.187  15.937  15.25  14.812 
1489848562.9  16.312  16.187  16.187  15.937  15.25  14.812 
1489848622.91  16.375  16.187  16.187  15.937  15.25  14.812 
1489848682.91  16.312  16.187  16.187  15.937  15.25  14.812 
1489848742.92  16.375  16.187  16.187  15.937  15.312  14.812 
1489848802.93  16.375  16.187  16.187  15.937  15.25  14.812 
1489848862.93  16.375  16.187  16.187  15.937  15.312  14.812 
1489848922.93  16.375  16.187  16.187  16.0  15.312  14.812 
1489848982.94  16.375  16.187  16.187  16.0  15.375  14.812 
1489849042.95  16.375  16.25  16.25  16.0  15.375  14.812 
1489849102.96  16.375  16.25  16.25  16.0  15.375  14.812 
1489849162.96  16.375  16.25  16.25  16.0  15.375  14.875 
1489849222.96  16.437  16.25  16.25  16.0  15.375  14.875 
1489849282.97  16.437  16.25  16.25  16.0  15.375  14.875 
1489849342.98  16.437  16.312  16.25  16.062  15.375  14.937 
1489849402.98  16.437  16.312  16.312  16.062  15.375  14.937 
1489849462.98  16.437  16.312  16.312  16.062  15.437  14.875 
1489849522.98  16.437  16.312  16.312  16.062  15.437  14.875 
1489849582.99  16.437  16.312  16.312  16.062  15.437  14.875 
1489849643.0  16.437  16.312  16.312  16.062  15.375  14.875 
1489849703.01  16.437  16.312  16.312  16.062  15.437  14.875 
1489849763.01  16.437  16.312  16.312  16.062  15.437  14.875 
1489849823.02  16.437  16.312  16.312  16.062  15.375  14.875 
1489849883.03  16.437  16.312  16.312  16.062  15.437  14.875 
1489849943.03  16.437  16.312  16.312  16.062  15.437  14.875 
1489850003.04  16.437  16.312  16.312  16.062  15.437  14.937 
1489850063.04  16.437  16.312  16.312  16.062  15.5  14.937 
1489850123.05  16.5  16.312  16.312  16.062  15.5  14.937 
1489850183.05  16.437  16.312  16.312  16.062  15.5  14.937 
1489850243.05  16.437  16.312  16.312  16.062  15.5  14.937 
1489850303.06  16.437  16.312  16.312  16.062  15.437  14.937 
1489850363.06  16.437  16.312  16.312  16.062  15.437  14.937 
1489850423.07  16.437  16.312  16.312  16.125  15.375  14.937 
1489850483.07  16.437  16.312  16.312  16.062  15.375  14.875 
1489850543.08  16.437  16.312  16.312  16.062  15.437  14.937 
1489850603.08  16.437  16.312  16.312  16.062  15.437  14.937 
1489850663.08  16.437  16.312  16.312  16.062  15.437  14.937 
1489850723.09  16.437  16.312  16.312  16.062  15.437  14.937 
1489850783.1  16.437  16.312  16.312  16.062  15.437  14.937 
1489850843.11  16.437  16.25  16.312  16.062  15.437  14.875 
1489850903.12  16.437  16.25  16.312  16.062  15.437  14.937 
1489850963.12  16.437  16.25  16.312  16.062  15.437  14.875 
1489851023.13  16.437  16.312  16.312  16.062  15.437  14.937 
1489851083.13  16.437  16.312  16.312  16.062  15.5  14.937 
1489851143.14  16.437  16.312  16.312  16.062  15.437  14.937 
1489851203.14  16.437  16.312  16.312  16.062  15.437  14.937 
1489851263.14  16.437  16.312  16.312  16.062  15.437  14.937 
1489851323.15  16.437  16.312  16.312  16.062  15.375  14.937 
1489851383.15  16.437  16.25  16.312  16.062  15.375  14.937 
1489851443.16  16.437  16.312  16.312  16.062  15.375  14.937 
1489851503.17  16.437  16.25  16.312  16.062  15.375  14.875 
1489851563.17  16.437  16.25  16.25  16.062  15.375  14.875 
1489851623.18  16.437  16.25  16.312  16.062  15.375  14.875 
1489851683.18  16.437  16.25  16.312  16.062  15.375  14.937 
1489851743.18  16.437  16.25  16.312  16.062  15.437  14.937 
1489851803.18  16.437  16.312  16.312  16.062  15.437  14.937 
1489851863.19  16.437  16.312  16.312  16.062  15.437  14.937 
1489851923.19  16.437  16.25  16.312  16.062  15.437  14.937 
1489851983.2  16.437  16.25  16.312  16.062  15.437  14.937 
1489852043.2  16.437  16.25  16.312  16.062  15.437  14.937 
1489852103.21  16.437  16.25  16.25  16.062  15.375  14.875 
1489852163.22  16.437  16.25  16.312  16.062  15.375  14.937 
1489852223.22  16.437  16.25  16.25  16.062  15.437  14.937 
1489852283.23  16.437  16.25  16.25  16.062  15.375  14.937 
1489852343.23  16.437  16.25  16.25  16.062  15.375  14.937 
1489852403.24  16.437  16.25  16.25  16.062  15.375  14.875 
1489852463.25  16.437  16.25  16.25  16.062  15.375  14.875 
1489852523.26  16.437  16.25  16.25  16.062  15.375  14.875 
1489852583.26  16.437  16.25  16.312  16.062  15.375  14.875 
1489852643.27  16.437  16.312  16.312  16.062  15.437  14.937 
1489852703.27  16.437  16.312  16.312  16.062  15.437  14.937 
1489852763.28  16.437  16.25  16.312  16.062  15.5  14.937 
1489852823.28  16.437  16.312  16.312  16.062  15.437  14.937 
1489852883.28  16.437  16.312  16.312  16.062  15.5  14.937 
1489852943.29  16.437  16.312  16.312  16.062  15.5  14.937 
1489853003.3  16.437  16.312  16.312  16.125  15.5  15.0 
1489853063.31  16.437  16.312  16.312  16.125  15.5  15.0 
1489853123.32  16.5  16.312  16.312  16.125  15.5  15.0 
1489853183.33  16.437  16.312  16.312  16.125  15.5  14.937 
1489853243.33  16.5  16.312  16.312  16.125  15.5  14.937 
1489853303.33  16.437  16.312  16.312  16.125  15.5  14.937 
1489853363.34  16.437  16.312  16.312  16.125  15.5  14.937 
1489853423.35  16.437  16.312  16.312  16.125  15.5  15.0 
1489853483.35  16.5  16.312  16.375  16.125  15.5  15.0 
1489853543.36  16.5  16.312  16.375  16.125  15.5  15.0 
1489853603.36  16.5  16.312  16.312  16.125  15.5  15.0 
1489853663.37  16.437  16.312  16.312  16.125  15.437  14.937 
1489853723.38  16.437  16.312  16.312  16.062  15.437  14.937 
1489853783.39  16.437  16.25  16.312  16.062  15.375  14.937 
1489853843.39  16.437  16.25  16.312  16.062  15.375  14.937 
1489853903.4  16.437  16.25  16.312  16.062  15.375  14.937 
1489853963.4  16.437  16.25  16.312  16.062  15.375  14.937 
1489854023.4  16.437  16.312  16.312  16.062  15.437  14.937 
1489854083.4  16.437  16.312  16.312  16.062  15.437  14.937 
1489854143.41  16.437  16.312  16.312  16.062  15.5  14.937 
1489854203.42  16.437  16.312  16.312  16.062  15.5  15.0 
1489854263.43  16.437  16.312  16.312  16.062  15.437  14.937 
1489854323.43  16.437  16.312  16.312  16.062  15.375  14.937 
1489854383.44  16.437  16.312  16.312  16.062  15.437  14.937 
1489854443.45  16.437  16.312  16.312  16.062  15.437  14.937 
1489854503.46  16.437  16.312  16.312  16.062  15.437  14.937 
1489854563.46  16.437  16.312  16.312  16.062  15.437  14.937 
1489854623.47  16.437  16.312  16.312  16.062  15.375  14.937 
1489854683.48  16.437  16.25  16.312  16.062  15.375  14.937 
1489854743.48  16.437  16.312  16.312  16.062  15.437  14.937 
1489854803.48  16.437  16.312  16.312  16.062  15.437  14.937 
1489854863.48  16.437  16.312  16.312  16.062  15.437  14.937 
1489854923.49  16.437  16.312  16.312  16.062  15.437  14.937 
1489854983.5  16.437  16.312  16.312  16.062  15.437  14.937 
1489855043.5  16.5  16.312  16.312  16.125  15.437  14.937 
1489855103.51  16.437  16.312  16.312  16.062  15.437  14.937 
1489855163.52  16.437  16.312  16.312  16.125  15.437  14.937 
1489855223.53  16.437  16.312  16.312  16.125  15.437  14.937 
1489855283.54  16.5  16.312  16.312  16.125  15.5  15.0 
1489855343.54  16.5  16.312  16.312  16.125  15.5  15.0 
1489855403.54  16.5  16.312  16.375  16.125  15.5  15.0 
1489855463.55  16.5  16.312  16.312  16.125  15.5  14.937 
1489855523.55  16.5  16.312  16.312  16.125  15.5  14.937 
1489855583.55  16.5  16.312  16.312  16.125  15.5  14.937 
1489855643.56  16.5  16.312  16.312  16.125  15.437  14.937 
1489855703.56  16.437  16.312  16.312  16.125  15.5  14.937 
1489855763.57  16.5  16.312  16.312  16.125  15.5  14.937 
1489855823.57  16.5  16.375  16.375  16.125  15.5  14.937 
1489855883.58  16.5  16.312  16.312  16.125  15.5  14.937 
1489855943.59  16.5  16.312  16.375  16.125  15.5  15.0 
1489856003.59  16.5  16.312  16.375  16.125  15.562  15.0 
1489856063.59  16.5  16.375  16.375  16.125  15.562  15.0 
1489856123.6  16.5  16.375  16.375  16.125  15.562  15.062 
1489856183.6  16.5  16.375  16.375  16.125  15.562  15.062 
1489856243.61  16.5  16.375  16.375  16.125  15.562  15.062 
1489856303.62  16.5  16.375  16.375  16.125  15.562  15.062 
1489856363.63  16.5  16.375  16.375  16.125  15.562  15.062 
1489856423.63  16.562  16.375  16.375  16.187  15.562  15.062 
1489856483.64  16.5  16.375  16.375  16.187  15.562  15.062 
1489856543.64  16.5  16.375  16.375  16.187  15.562  15.062 
1489856603.64  16.5  16.375  16.375  16.187  15.562  15.062 
1489856663.65  16.5  16.375  16.375  16.125  15.562  15.0 
1489856723.65  16.5  16.312  16.375  16.125  15.562  15.0 
1489856783.66  16.5  16.312  16.375  16.125  15.5  15.0 
1489856843.66  16.5  16.312  16.312  16.125  15.5  15.0 
1489856903.67  16.5  16.312  16.375  16.125  15.5  15.0 
1489856963.68  16.5  16.375  16.375  16.125  15.562  15.0 
1489857023.68  16.5  16.375  16.375  16.125  15.562  15.062 
1489857083.69  16.5  16.312  16.375  16.125  15.562  15.0 
1489857143.69  16.5  16.312  16.375  16.125  15.562  15.0 
1489857203.69  16.437  16.312  16.375  16.125  15.562  15.0 
1489857263.7  16.437  16.312  16.312  16.125  15.5  15.0 
1489857323.71  16.5  16.312  16.312  16.125  15.5  15.0 
1489857383.72  16.437  16.312  16.312  16.125  15.5  15.0 
1489857443.73  16.5  16.312  16.312  16.125  15.5  15.0 
1489857503.73  16.5  16.312  16.312  16.125  15.5  15.0 
1489857563.73  16.437  16.312  16.312  16.125  15.5  15.0 
1489857623.74  16.5  16.312  16.312  16.125  15.5  15.0 
1489857683.74  16.5  16.312  16.312  16.125  15.5  15.0 
1489857743.74  16.437  16.312  16.312  16.125  15.5  15.0 
1489857803.74  16.5  16.312  16.312  16.125  15.5  15.0 
1489857863.75  16.5  16.312  16.312  16.125  15.562  15.0 
1489857923.75  16.5  16.312  16.312  16.125  15.5  15.0 
1489857983.76  16.5  16.312  16.312  16.125  15.5  15.0 
1489858043.77  16.5  16.312  16.375  16.125  15.562  15.0 
1489858103.78  16.5  16.312  16.375  16.125  15.562  15.0 
1489858163.78  16.5  16.312  16.375  16.125  15.562  15.0 
1489858223.79  16.5  16.312  16.312  16.125  15.5  15.0 
1489858283.79  16.5  16.312  16.312  16.125  15.5  15.0 
1489858343.8  16.5  16.312  16.312  16.125  15.5  15.0 
1489858403.81  16.5  16.312  16.375  16.125  15.5  15.0 
1489858463.81  16.437  16.312  16.312  16.125  15.5  15.0 
1489858523.81  16.5  16.312  16.312  16.125  15.5  15.0 
1489858583.82  16.5  16.312  16.312  16.125  15.562  15.0 
1489858643.83  16.5  16.312  16.312  16.125  15.562  15.0 
1489858703.83  16.5  16.312  16.375  16.125  15.562  15.0 
1489858763.84  16.5  16.312  16.312  16.125  15.562  15.0 
1489858823.85  16.5  16.312  16.312  16.125  15.5  15.0 
1489858883.86  16.437  16.312  16.312  16.125  15.5  14.937 
1489858943.87  16.5  16.312  16.312  16.125  15.5  15.0 
1489859003.87  16.5  16.312  16.312  16.125  15.562  15.0 
1489859063.88  16.5  16.312  16.312  16.125  15.5  15.0 
1489859123.88  16.5  16.312  16.312  16.125  15.562  15.0 
1489859183.89  16.5  16.312  16.312  16.125  15.562  15.0 
1489859243.9  16.5  16.312  16.375  16.125  15.562  15.0 
1489859303.9  16.5  16.375  16.375  16.125  15.562  15.0 
1489859363.91  16.5  16.375  16.375  16.125  15.562  15.0 
1489859423.91  16.5  16.312  16.375  16.125  15.562  15.0 
1489859483.92  16.5  16.312  16.375  16.125  15.562  15.0 
1489859543.93  16.5  16.312  16.375  16.125  15.562  15.0 
1489859603.93  16.5  16.375  16.375  16.125  15.562  15.0 
1489859663.94  16.5  16.375  16.375  16.125  15.5  15.0 
1489859723.95  16.5  16.375  16.375  16.125  15.562  15.0 
1489859783.96  16.5  16.375  16.375  16.125  15.562  15.0 
1489859843.96  16.5  16.375  16.375  16.125  15.562  15.0 
1489859903.97  16.5  16.375  16.375  16.125  15.562  15.062 
1489859963.97  16.5  16.375  16.375  16.125  15.562  15.0 
1489860023.98  16.5  16.375  16.375  16.125  15.5  15.0 
1489860083.98  16.5  16.375  16.375  16.125  15.5  15.0 
1489860143.99  16.5  16.375  16.375  16.125  15.562  15.0 
1489860204.0  16.5  16.375  16.375  16.125  15.5  15.0 
1489860264.0  16.5  16.375  16.375  16.125  15.562  15.062 
1489860324.01  16.5  16.375  16.375  16.125  15.562  15.0 
1489860384.01  16.5  16.375  16.375  16.125  15.562  15.0 
1489860444.02  16.5  16.375  16.375  16.125  15.562  15.0 
1489860504.03  16.5  16.375  16.375  16.187  15.562  15.0 
1489860564.04  16.5  16.375  16.375  16.125  15.562  15.0 
1489860624.04  16.5  16.375  16.375  16.187  15.562  15.0 
1489860684.04  16.5  16.375  16.375  16.125  15.562  15.0 
1489860744.05  16.5  16.312  16.375  16.125  15.562  15.0 
1489860804.06  16.5  16.375  16.375  16.125  15.562  15.0 
1489860864.07  16.5  16.375  16.375  16.125  15.562  15.0 
1489860924.07  16.5  16.312  16.375  16.125  15.562  15.0 
1489860984.07  16.5  16.375  16.375  16.125  15.562  15.0 
1489861044.07  16.5  16.375  16.375  16.125  15.562  15.0 
1489861104.08  16.5  16.375  16.375  16.125  15.562  15.0 
1489861164.08  16.5  16.375  16.375  16.125  15.562  15.0 
1489861224.09  16.5  16.375  16.375  16.125  15.562  15.0 
1489861284.09  16.5  16.375  16.375  16.125  15.562  15.0 
1489861344.1  16.5  16.375  16.375  16.125  15.562  15.062 
1489861404.11  16.5  16.375  16.375  16.125  15.562  15.062 
1489861464.11  16.5  16.375  16.375  16.125  15.625  15.062 
1489861524.11  16.5  16.375  16.375  16.187  15.562  15.062 
1489861584.12  16.5  16.375  16.375  16.125  15.562  15.062 
1489861644.13  16.5  16.375  16.375  16.187  15.625  15.062 
1489861704.13  16.5  16.375  16.375  16.125  15.625  15.062 
1489861764.13  16.5  16.375  16.375  16.187  15.625  15.062 
1489861824.14  16.562  16.375  16.375  16.187  15.625  15.062 
1489861884.15  16.562  16.375  16.375  16.187  15.625  15.062 
1489861944.15  16.562  16.375  16.375  16.187  15.625  15.062 
1489862004.16  16.5  16.375  16.375  16.187  15.625  15.062 
1489862064.17  16.562  16.375  16.375  16.187  15.625  15.062 
1489862124.17  16.5  16.375  16.375  16.187  15.625  15.062 
1489862184.17  16.562  16.375  16.375  16.187  15.562  15.062 
1489862244.18  16.5  16.375  16.375  16.187  15.562  15.062 
1489862304.19  16.5  16.375  16.375  16.187  15.562  15.062 
1489862364.19  16.5  16.375  16.375  16.187  15.625  15.062 
1489862424.2  16.562  16.375  16.375  16.187  15.625  15.062 
1489862484.2  16.5  16.375  16.375  16.187  15.625  15.062 
1489862544.21  16.562  16.375  16.375  16.187  15.625  15.062 
1489862604.22  16.562  16.375  16.375  16.187  15.625  15.062 
1489862664.22  16.562  16.375  16.437  16.187  15.625  15.062 
1489862724.23  16.562  16.437  16.437  16.187  15.625  15.062 
1489862784.23  16.562  16.437  16.437  16.187  15.562  15.062 
1489862844.24  16.562  16.375  16.437  16.187  15.625  15.062 
1489862904.24  16.562  16.437  16.437  16.187  15.625  15.062 
1489862964.25  16.562  16.375  16.437  16.187  15.625  15.062 
1489863024.26  16.562  16.375  16.375  16.187  15.625  15.062 
1489863084.27  16.562  16.437  16.437  16.187  15.625  15.062 
1489863144.27  16.562  16.375  16.437  16.187  15.625  15.062 
1489863204.28  16.562  16.375  16.375  16.187  15.562  15.062 
1489863264.29  16.5  16.375  16.375  16.187  15.562  15.062 
1489863324.29  16.562  16.375  16.437  16.187  15.625  15.062 
1489863384.3  16.562  16.375  16.375  16.187  15.625  15.062 
1489863444.3  16.562  16.375  16.375  16.187  15.625  15.062 
1489863504.31  16.562  16.375  16.375  16.187  15.625  15.062 
1489863564.31  16.562  16.375  16.375  16.187  15.625  15.062 
1489863624.31  16.5  16.375  16.375  16.187  15.625  15.062 
1489863684.32  16.562  16.375  16.375  16.187  15.625  15.062 
1489863744.32  16.562  16.375  16.375  16.187  15.625  15.062 
1489863804.33  16.5  16.375  16.375  16.187  15.562  15.0 
1489863864.34  16.5  16.375  16.375  16.125  15.562  15.0 
1489863924.34  16.5  16.375  16.375  16.187  15.562  15.0 
1489863984.35  16.5  16.375  16.375  16.125  15.562  15.0 
1489864044.36  16.5  16.375  16.375  16.187  15.562  15.0 
1489864104.36  16.5  16.375  16.375  16.187  15.562  15.0 
1489864164.37  16.5  16.375  16.375  16.125  15.562  15.0 
1489864224.37  16.5  16.375  16.375  16.125  15.562  15.0 
1489864284.38  16.5  16.375  16.375  16.125  15.562  15.0 
1489864344.38  16.5  16.375  16.375  16.125  15.562  15.0 
1489864404.38  16.5  16.375  16.375  16.125  15.562  15.0 
1489864464.38  16.5  16.375  16.375  16.125  15.562  15.0 
1489864524.39  16.5  16.312  16.375  16.125  15.5  15.0 
1489864584.39  16.5  16.375  16.375  16.125  15.562  15.0 
1489864644.4  16.5  16.312  16.375  16.125  15.5  15.0 
1489864704.4  16.5  16.312  16.375  16.125  15.5  15.0 
1489864764.41  16.5  16.312  16.375  16.125  15.5  15.0 
1489864824.42  16.5  16.312  16.375  16.125  15.5  15.0 
1489864884.42  16.5  16.312  16.312  16.125  15.5  15.0 
1489864944.42  16.5  16.312  16.375  16.125  15.5  14.937 
1489865004.43  16.437  16.312  16.375  16.125  15.5  15.0 
1489865064.43  16.437  16.312  16.375  16.125  15.5  14.937 
1489865124.43  16.437  16.312  16.312  16.125  15.5  15.0 
1489865184.44  16.437  16.312  16.312  16.125  15.5  15.0 
1489865244.45  16.437  16.312  16.312  16.125  15.5  15.0 
1489865304.46  16.437  16.312  16.312  16.125  15.5  14.937 
1489865364.47  16.437  16.312  16.312  16.125  15.5  15.0 
1489865424.47  16.437  16.312  16.312  16.125  15.5  15.0 
1489865484.47  16.437  16.312  16.312  16.125  15.5  15.0 
1489865544.47  16.437  16.312  16.312  16.125  15.5  14.937 
1489865604.48  16.437  16.312  16.312  16.125  15.5  14.937 
1489865664.48  16.437  16.312  16.312  16.125  15.5  15.0 
1489865724.48  16.5  16.312  16.312  16.125  15.5  15.0 
1489865784.49  16.5  16.312  16.312  16.125  15.5  15.0 
1489865844.5  16.5  16.312  16.375  16.125  15.562  15.0 
1489865904.5  16.5  16.375  16.375  16.125  15.562  15.0 
1489865964.52  16.5  16.375  16.375  16.125  15.562  15.0 
1489866024.52  16.5  16.375  16.375  16.125  15.562  15.062 
1489866084.53  16.5  16.375  16.375  16.125  15.562  15.0 
1489866144.53  16.5  16.312  16.312  16.125  15.5  15.0 
1489866204.54  16.5  16.375  16.375  16.125  15.562  15.0 
1489866264.55  16.5  16.375  16.375  16.125  15.562  15.0 
1489866324.56  16.5  16.312  16.375  16.125  15.5  15.0 
1489866384.57  16.5  16.312  16.375  16.125  15.5  15.0 
1489866444.57  16.437  16.312  16.312  16.125  15.5  14.937 
1489866504.58  16.437  16.312  16.312  16.125  15.437  14.937 
1489866564.59  16.5  16.312  16.312  16.125  15.5  14.937 
1489866624.59  16.5  16.312  16.375  16.125  15.5  15.0 
1489866684.6  16.5  16.312  16.375  16.125  15.5  14.937 
1489866744.6  16.5  16.312  16.375  16.125  15.5  14.937 
1489866804.61  16.5  16.312  16.312  16.125  15.5  14.937 
1489866864.62  16.5  16.312  16.375  16.125  15.5  14.937 
1489866924.62  16.5  16.312  16.312  16.125  15.5  15.0 
1489866984.63  16.5  16.312  16.375  16.125  15.5  14.937 
1489867044.63  16.437  16.312  16.312  16.125  15.5  14.937 
1489867104.64  16.5  16.312  16.312  16.125  15.5  14.937 
1489867164.65  16.5  16.312  16.312  16.125  15.5  14.937 
1489867224.66  16.437  16.312  16.312  16.125  15.437  14.937 
1489867284.66  16.437  16.312  16.312  16.125  15.437  14.937 
1489867344.67  16.5  16.312  16.312  16.125  15.5  15.0 
1489867404.67  16.5  16.312  16.312  16.125  15.5  15.0 
1489867464.68  16.437  16.312  16.312  16.125  15.437  14.937 
1489867524.68  16.437  16.312  16.312  16.125  15.437  14.937 
1489867584.68  16.437  16.312  16.312  16.125  15.437  14.937 
1489867644.69  16.437  16.312  16.312  16.125  15.437  14.937 
1489867704.69  16.437  16.312  16.312  16.125  15.437  14.937 
1489867764.7  16.437  16.25  16.312  16.125  15.5  14.937 
1489867824.71  16.437  16.312  16.312  16.125  15.5  14.937 
1489867884.71  16.437  16.312  16.312  16.125  15.5  14.937 
1489867944.72  16.5  16.312  16.375  16.125  15.5  15.0 
1489868004.72  16.437  16.312  16.375  16.125  15.5  15.0 
1489868064.73  16.5  16.312  16.375  16.125  15.5  15.0 
1489868124.73  16.5  16.312  16.312  16.125  15.5  15.0 
1489868184.74  16.437  16.312  16.312  16.125  15.437  14.937 
1489868244.75  16.437  16.312  16.312  16.062  15.437  14.937 
1489868304.76  16.437  16.25  16.312  16.062  15.437  14.937 
1489868364.76  16.437  16.312  16.312  16.062  15.437  14.937 
1489868424.76  16.437  16.25  16.312  16.062  15.437  14.937 
1489868484.77  16.437  16.312  16.312  16.062  15.437  14.937 
1489868544.77  16.437  16.312  16.312  16.062  15.437  14.937 
1489868604.77  16.437  16.312  16.312  16.062  15.437  14.937 
1489868664.78  16.437  16.25  16.312  16.062  15.437  14.937 
1489868724.79  16.437  16.312  16.312  16.062  15.437  14.875 
1489868784.8  16.437  16.25  16.312  16.062  15.437  14.875 
1489868844.8  16.437  16.25  16.312  16.062  15.437  14.875 
1489868904.81  16.437  16.25  16.312  16.062  15.437  14.875 
1489868964.81  16.437  16.312  16.312  16.062  15.437  14.875 
1489869024.82  16.437  16.25  16.312  16.062  15.375  14.875 
1489869084.82  16.437  16.25  16.312  16.062  15.375  14.875 
1489869144.83  16.437  16.25  16.25  16.062  15.375  14.875 
1489869204.84  16.437  16.25  16.25  16.062  15.437  14.875 
1489869264.85  16.437  16.25  16.25  16.062  15.437  14.875 
1489869324.85  16.437  16.25  16.25  16.062  15.375  14.875 
1489869384.86  16.437  16.25  16.25  16.062  15.375  14.875 
1489869444.86  16.437  16.25  16.312  16.062  15.437  14.875 
1489869504.87  16.437  16.25  16.25  16.062  15.375  14.875 
1489869564.87  16.437  16.25  16.25  16.062  15.375  14.875 
1489869624.87  16.437  16.25  16.25  16.062  15.375  14.875 
1489869684.88  16.375  16.25  16.25  16.062  15.375  14.875 
1489869744.89  16.437  16.25  16.25  16.062  15.375  14.875 
1489869804.9  16.375  16.25  16.25  16.062  15.375  14.875 
1489869864.9  16.375  16.25  16.25  16.062  15.375  14.875 
1489869924.9  16.437  16.25  16.25  16.062  15.375  14.875 
1489869984.91  16.375  16.25  16.25  16.062  15.375  14.875 
1489870044.91  16.437  16.25  16.25  16.062  15.375  14.875 
1489870104.92  16.375  16.25  16.25  16.062  15.437  14.875 
1489870164.93  16.437  16.25  16.25  16.062  15.437  14.875 
1489870224.94  16.437  16.25  16.25  16.062  15.437  14.875 
1489870284.94  16.437  16.25  16.25  16.062  15.437  14.875 
1489870344.95  16.437  16.25  16.312  16.062  15.437  14.875 
1489870404.95  16.437  16.25  16.25  16.062  15.437  14.875 
1489870464.96  16.437  16.25  16.25  16.062  15.437  14.875 
1489870524.96  16.437  16.25  16.25  16.062  15.437  14.875 
1489870584.97  16.437  16.25  16.312  16.062  15.437  14.937 
1489870644.98  16.437  16.25  16.25  16.062  15.437  14.875 
1489870704.99  16.437  16.25  16.25  16.062  15.437  14.875 
1489870765.0  16.437  16.25  16.312  16.062  15.437  14.875 
1489870825.01  16.437  16.25  16.25  16.062  15.375  14.875 
1489870885.02  16.437  16.312  16.312  16.062  15.375  14.875 
1489870945.03  16.437  16.25  16.25  16.062  15.375  14.875 
1489871005.04  16.437  16.25  16.25  16.062  15.375  14.875 
1489871065.04  16.437  16.25  16.25  16.062  15.375  14.875 
1489871125.05  16.437  16.312  16.312  16.062  15.437  14.875 
1489871185.05  16.437  16.312  16.312  16.062  15.437  14.875 
1489871245.06  16.437  16.25  16.312  16.062  15.437  14.937 
1489871305.07  16.437  16.312  16.312  16.062  15.437  14.937 
1489871365.07  16.437  16.312  16.312  16.062  15.437  14.937 
1489871425.07  16.437  16.312  16.312  16.062  15.5  14.937 
1489871485.08  16.437  16.312  16.312  16.062  15.5  14.937 
1489871545.09  16.437  16.312  16.312  16.062  15.5  14.937 
1489871605.1  16.437  16.312  16.312  16.062  15.5  14.937 
1489871665.11  16.437  16.312  16.312  16.062  15.5  14.937 
1489871725.12  16.437  16.312  16.312  16.125  15.437  14.937 
1489871785.12  16.437  16.312  16.312  16.125  15.437  14.875 
1489871845.12  16.437  16.312  16.312  16.062  15.437  14.937 
1489871905.13  16.437  16.312  16.312  16.062  15.437  14.875 
1489871965.14  16.437  16.312  16.312  16.062  15.437  14.937 
1489872025.15  16.437  16.312  16.312  16.062  15.437  14.937 
1489872085.16  16.437  16.312  16.312  16.125  15.437  14.875 
1489872145.16  16.437  16.312  16.312  16.062  15.437  14.937 
1489872205.17  16.437  16.312  16.312  16.125  15.437  14.875 
1489872265.17  16.437  16.312  16.312  16.062  15.437  14.875 
1489872325.18  16.437  16.312  16.312  16.062  15.437  14.875 
1489872385.19  16.437  16.312  16.312  16.125  15.437  14.937 
1489872445.19  16.437  16.312  16.312  16.062  15.437  14.937 
1489872505.2  16.437  16.312  16.312  16.062  15.437  14.875 
1489872565.21  16.437  16.312  16.312  16.125  15.437  14.937 
1489872625.22  16.437  16.312  16.312  16.062  15.437  14.937 
1489872685.23  16.437  16.312  16.312  16.062  15.437  14.937 
1489872745.23  16.437  16.312  16.312  16.062  15.437  14.937 
1489872805.24  16.437  16.312  16.312  16.062  15.437  14.937 
1489872865.25  16.437  16.312  16.312  16.062  15.437  14.937 
1489872925.25  16.437  16.312  16.312  16.062  15.5  14.937 
1489872985.25  16.437  16.312  16.312  16.125  15.5  14.937 
1489873045.26  16.437  16.312  16.312  16.125  15.5  14.937 
1489873105.27  16.437  16.312  16.312  16.125  15.5  14.937 
1489873165.27  16.437  16.312  16.312  16.125  15.5  14.937 
1489873225.28  16.437  16.312  16.312  16.125  15.5  14.937 
1489873285.29  16.437  16.312  16.312  16.125  15.5  14.937 
1489873345.29  16.437  16.312  16.312  16.062  15.5  14.937 
1489873405.29  16.437  16.312  16.312  16.125  15.437  14.937 
1489873465.3  16.437  16.312  16.312  16.062  15.437  14.937 
1489873525.31  16.437  16.312  16.312  16.062  15.437  14.937 
1489873585.31  16.437  16.25  16.312  16.062  15.437  14.875 
1489873645.31  16.437  16.25  16.312  16.062  15.375  14.875 
1489873705.32  16.437  16.25  16.312  16.062  15.437  14.875 
1489873765.32  16.437  16.25  16.312  16.062  15.375  14.875 
1489873825.33  16.437  16.25  16.312  16.062  15.375  14.875 
1489873885.33  16.437  16.25  16.312  16.062  15.375  14.875 
1489873945.34  16.437  16.25  16.312  16.062  15.437  14.875 
1489874005.34  16.437  16.25  16.312  16.062  15.437  14.875 
1489874065.35  16.437  16.25  16.312  16.062  15.437  14.875 
1489874125.36  16.437  16.25  16.312  16.062  15.437  14.875 
1489874185.36  16.437  16.25  16.312  16.062  15.375  14.875 
1489874245.37  16.437  16.25  16.312  16.062  15.375  14.875 
1489874305.38  16.437  16.25  16.312  16.062  15.375  14.875 
1489874365.38  16.437  16.25  16.312  16.062  15.437  14.875 
1489874425.39  16.437  16.25  16.312  16.062  15.375  14.875 
1489874485.39  16.437  16.312  16.312  16.062  15.375  14.875 
1489874545.4  16.437  16.25  16.312  16.062  15.375  14.875 
1489874605.41  16.437  16.25  16.312  16.062  15.437  14.875 
1489874665.41  16.437  16.25  16.312  16.062  15.437  14.875 
1489874725.42  16.437  16.312  16.312  16.062  15.437  14.875 
1489874785.43  16.437  16.312  16.312  16.062  15.375  14.875 
1489874845.44  16.437  16.25  16.312  16.062  15.375  14.875 
1489874905.45  16.437  16.25  16.312  16.062  15.375  14.875 
1489874965.45  16.437  16.25  16.312  16.062  15.312  14.875 
1489875025.46  16.375  16.25  16.25  16.062  15.375  14.875 
1489875085.47  16.375  16.25  16.25  16.062  15.375  14.875 
1489875145.48  16.375  16.25  16.25  16.062  15.375  14.875 
1489875205.48  16.375  16.25  16.25  16.062  15.375  14.812 
1489875265.49  16.375  16.25  16.25  16.062  15.375  14.875 
1489875325.5  16.375  16.25  16.25  16.062  15.375  14.875 
1489875385.51  16.375  16.25  16.25  16.062  15.375  14.875 
1489875445.51  16.375  16.187  16.25  16.062  15.312  14.812 
1489875505.52  16.375  16.25  16.25  16.062  15.375  14.812 
1489875565.52  16.375  16.25  16.25  16.0  15.312  14.812 
1489875625.53  16.375  16.25  16.25  16.0  15.375  14.812 
1489875685.53  16.375  16.25  16.25  16.062  15.375  14.875 
1489875745.54  16.375  16.187  16.25  16.0  15.312  14.875 
1489875805.54  16.375  16.187  16.25  16.0  15.375  14.812 
1489875865.55  16.375  16.25  16.25  16.0  15.375  14.812 
1489875925.55  16.375  16.25  16.25  16.0  15.375  14.875 
1489875985.55  16.375  16.25  16.25  16.062  15.375  14.875 
1489876045.56  16.375  16.25  16.25  16.062  15.375  14.875 
1489876105.56  16.375  16.25  16.25  16.062  15.375  14.812 
1489876165.56  16.375  16.25  16.25  16.062  15.375  14.812 
1489876225.57  16.375  16.25  16.25  16.062  15.375  14.875 
1489876285.57  16.375  16.187  16.25  16.062  15.375  14.812 
1489876345.58  16.375  16.187  16.25  16.0  15.375  14.875 
1489876405.58  16.375  16.25  16.25  16.0  15.375  14.875 
1489876465.59  16.375  16.187  16.25  16.0  15.375  14.812 
1489876525.59  16.375  16.187  16.25  16.0  15.375  14.875 
1489876585.6  16.375  16.25  16.25  16.0  15.375  14.812 
1489876645.6  16.375  16.25  16.25  16.0  15.375  14.812 
1489876705.6  16.375  16.187  16.25  16.0  15.312  14.812 
1489876765.61  16.375  16.187  16.187  16.0  15.312  14.812 
1489876825.62  16.375  16.187  16.187  16.0  15.312  14.812 
1489876885.62  16.375  16.187  16.187  16.0  15.312  14.812 
1489876945.62  16.375  16.187  16.187  16.0  15.312  14.812 
1489877005.63  16.375  16.187  16.25  16.0  15.312  14.812 
1489877065.64  16.375  16.187  16.187  16.0  15.312  14.812 
1489877125.65  16.375  16.187  16.187  16.0  15.312  14.812 
1489877185.66  16.375  16.187  16.187  16.0  15.312  14.812 
1489877245.67  16.375  16.187  16.25  16.0  15.312  14.812 
1489877305.67  16.375  16.25  16.25  16.0  15.312  14.812 
1489877365.68  16.375  16.187  16.25  16.0  15.312  14.812 
1489877425.69  16.375  16.187  16.25  16.0  15.312  14.812 
1489877485.7  16.375  16.187  16.25  16.0  15.312  14.812 
1489877545.71  16.375  16.187  16.25  16.0  15.312  14.812 
1489877605.71  16.375  16.187  16.25  16.0  15.312  14.812 
1489877665.72  16.375  16.187  16.25  16.0  15.312  14.812 
1489877725.72  16.375  16.187  16.25  16.0  15.312  14.812 
1489877785.73  16.375  16.187  16.25  16.0  15.312  14.875 
1489877845.73  16.375  16.187  16.25  16.0  15.312  14.812 
1489877905.74  16.375  16.187  16.25  16.0  15.312  14.812 
1489877965.74  16.375  16.25  16.25  16.0  15.375  14.875 
1489878025.74  16.375  16.25  16.25  16.0  15.375  14.875 
1489878085.75  16.437  16.25  16.25  16.0  15.375  14.812 
1489878145.76  16.375  16.187  16.25  16.0  15.312  14.812 
1489878205.76  16.375  16.187  16.25  16.0  15.312  14.812 
1489878265.76  16.375  16.187  16.25  16.0  15.312  14.812 
1489878325.77  16.375  16.187  16.25  16.0  15.312  14.812 
1489878385.77  16.375  16.187  16.25  16.0  15.312  14.812 
1489878445.78  16.375  16.187  16.25  16.0  15.312  14.812 
1489878505.78  16.375  16.187  16.25  16.0  15.312  14.812 
1489878565.79  16.375  16.187  16.25  16.0  15.312  14.812 
1489878625.79  16.375  16.187  16.25  16.0  15.312  14.812 
1489878685.8  16.375  16.187  16.25  16.0  15.312  14.812 
1489878745.81  16.375  16.187  16.25  16.0  15.312  14.812 
1489878805.81  16.375  16.187  16.25  16.0  15.312  14.812 
1489878865.81  16.375  16.25  16.25  16.0  15.375  14.812 
1489878925.82  16.375  16.187  16.25  16.0  15.375  14.812 
1489878985.82  16.375  16.25  16.25  16.0  15.375  14.812 
1489879045.83  16.375  16.25  16.25  16.0  15.375  14.812 
1489879105.83  16.375  16.25  16.25  16.0  15.375  14.812 
1489879165.83  16.375  16.187  16.25  16.0  15.375  14.812 
1489879225.84  16.375  16.25  16.25  16.062  15.375  14.875 
1489879285.85  16.437  16.25  16.25  16.062  15.375  14.875 
1489879345.86  16.437  16.25  16.25  16.062  15.375  14.875 
1489879405.87  16.437  16.25  16.25  16.062  15.375  14.875 
1489879465.87  16.375  16.25  16.25  16.062  15.437  14.875 
1489879525.88  16.375  16.25  16.25  16.062  15.375  14.875 
1489879585.89  16.375  16.187  16.25  16.062  15.437  14.875 
1489879645.89  16.375  16.187  16.25  16.062  15.375  14.875 
1489879705.9  16.375  16.187  16.25  16.0  15.375  14.875 
1489879765.9  16.375  16.187  16.25  16.0  15.375  14.875 
1489879825.91  16.375  16.25  16.25  16.0  15.437  14.875 
1489879885.91  16.375  16.25  16.25  16.062  15.437  14.875 
1489879945.92  16.375  16.25  16.25  16.062  15.437  14.875 
1489880005.93  16.375  16.25  16.25  16.062  15.437  14.875 
1489880065.93  16.437  16.25  16.25  16.062  15.375  14.875 
1489880125.94  16.437  16.25  16.25  16.062  15.437  14.875 
1489880185.94  16.375  16.25  16.25  16.062  15.437  14.875 
1489880245.95  16.437  16.25  16.25  16.062  15.437  14.875 
1489880305.96  16.375  16.25  16.25  16.062  15.437  14.875 
1489880365.96  16.375  16.25  16.25  16.062  15.437  14.875 
1489880425.96  16.375  16.25  16.25  16.062  15.375  14.812 
1489880485.97  16.375  16.25  16.25  16.062  15.375  14.812 
1489880545.98  16.375  16.187  16.25  16.0  15.375  14.812 
1489880605.99  16.437  16.25  16.25  16.062  15.375  14.875 
1489880665.99  16.375  16.25  16.25  16.062  15.375  14.875 
1489880726.0  16.437  16.25  16.25  16.062  15.437  14.875 
1489880786.0  16.437  16.25  16.25  16.062  15.437  14.875 
1489880846.01  16.437  16.25  16.25  16.062  15.5  14.937 
1489880906.01  16.437  16.25  16.25  16.062  15.5  14.937 
1489880966.02  16.437  16.312  16.312  16.062  15.5  14.937 
1489881026.03  16.437  16.312  16.312  16.062  15.5  14.937 
1489881086.03  16.437  16.25  16.312  16.062  15.437  14.937 
1489881146.03  16.437  16.25  16.312  16.062  15.437  14.937 
1489881206.04  16.437  16.25  16.312  16.062  15.437  14.937 
1489881266.04  16.437  16.312  16.312  16.062  15.437  14.937 
1489881326.05  16.437  16.25  16.312  16.062  15.437  14.937 
1489881386.05  16.437  16.25  16.312  16.062  15.437  14.937 
1489881446.05  16.437  16.312  16.312  16.062  15.437  14.937 
1489881506.06  16.437  16.25  16.25  16.062  15.375  14.875 
1489881566.06  16.437  16.25  16.25  16.062  15.375  14.875 
